relief.txt
ncols 965
nrows 651
xllcorner 438613.916131
yllcorner 5306059.570589
cellsize 10.000000
[rows 533 to 573 of 651, columns 368 to 459 of 965]
208 209 208 209 208 208 208 209 209 210 210 211 212 214 213 211 206 201 195 188 182 177 172 167 160 154 146 141 136 134 134 135 138 141 146 152 160 167 175 181 186 190 194 196 199 202 204 208 210 213 215 217 218 222 224 227 229 232 235 237 241 244 248 252 258 264 268 270 272 275 277 279 280 282 282 283 283 283 284 284 285 285 286 286 286 286 285 282 279 279 277 272
201 201 200 201 201 201 201 203 203 204 204 206 207 210 209 208 204 199 192 185 179 173 169 163 157 150 144 138 134 131 131 132 135 138 144 149 157 164 171 177 183 186 190 193 195 199 201 205 207 211 212 215 217 220 222 226 228 230 234 236 239 243 247 251 257 263 267 269 272 274 276 278 279 280 281 282 282 282 283 283 284 284 285 284 285 284 282 282 280 279 278 274
194 195 194 195 194 195 195 197 197 199 200 202 203 204 205 204 201 195 189 182 176 170 166 160 154 147 141 135 131 129 129 130 132 136 141 147 153 160 168 173 178 183 187 190 192 196 199 202 205 208 210 213 215 218 220 223 226 229 232 235 238 241 246 250 255 262 266 269 271 273 275 277 278 278 280 281 282 282 283 283 283 283 284 283 283 283 282 282 280 280 278 277
188 189 189 189 188 188 188 189 190 191 194 195 198 199 201 201 199 193 186 179 173 167 163 157 151 145 138 132 128 126 127 127 130 133 138 144 149 157 164 170 175 180 184 188 189 193 196 200 203 205 208 211 214 216 219 222 225 228 231 234 237 240 244 248 253 261 266 268 270 272 274 275 277 277 279 279 281 282 283 282 282 282 282 282 282 283 281 281 280 280 279 279
184 183 184 183 182 181 181 181 182 183 185 188 191 193 196 197 196 190 184 177 171 165 160 154 149 142 135 128 125 124 124 125 127 130 134 140 146 153 160 167 171 177 181 184 187 190 194 197 201 203 206 208 212 214 218 220 223 226 230 233 235 239 242 247 252 259 265 268 270 270 273 274 276 277 278 279 280 281 281 282 281 282 282 282 282 282 281 281 280 279 279 278
180 179 179 178 177 176 175 175 176 176 178 180 183 186 190 191 192 188 183 176 170 163 157 151 146 139 131 125 122 121 121 123 124 128 131 137 143 150 157 164 169 174 177 180 184 187 192 195 199 201 204 206 210 213 216 219 222 225 227 231 234 237 241 245 250 257 264 267 269 270 272 273 275 276 278 278 279 280 280 282 281 282 281 282 281 282 281 281 280 280 279 279
177 176 175 173 172 171 171 170 171 171 173 174 177 179 183 185 188 186 182 175 168 161 153 148 143 134 125 122 119 119 119 120 122 125 129 134 139 146 153 161 166 170 174 177 181 184 188 192 196 199 203 205 209 211 215 217 219 223 225 229 232 236 239 243 248 254 262 266 269 269 272 273 275 275 276 277 278 279 279 281 281 282 281 281 281 280 281 281 281 280 280 279
173 172 171 169 168 166 166 166 167 167 168 169 172 174 176 180 183 184 180 174 166 158 151 146 138 129 122 120 117 117 116 117 119 122 126 131 136 142 149 156 163 167 171 174 178 181 185 189 194 197 201 204 207 209 212 215 218 221 223 227 230 234 237 240 246 251 259 266 268 269 271 272 273 275 275 277 277 278 279 280 280 281 281 280 281 280 281 281 281 280 280 280
169 168 167 165 163 161 162 161 161 161 162 165 167 169 172 175 178 180 177 172 164 156 149 143 133 125 120 118 115 114 113 114 116 120 123 127 133 138 145 151 160 165 169 172 175 178 181 186 191 195 200 202 205 207 210 213 216 219 221 225 228 231 235 238 243 248 256 263 268 269 270 271 272 274 275 276 277 278 278 279 280 280 281 280 281 280 281 281 281 280 281 280
165 164 162 160 158 157 155 155 154 155 156 159 161 164 167 170 173 175 173 169 161 153 145 138 128 122 118 116 113 112 110 111 113 117 121 125 130 135 142 148 156 162 167 170 172 176 179 184 188 192 197 200 203 206 208 211 214 216 219 221 225 228 232 236 241 245 251 260 266 269 269 271 272 273 274 275 276 277 278 278 279 279 281 280 281 280 281 281 281 281 280 280
160 160 158 156 154 153 150 148 147 149 150 153 155 159 161 165 168 170 170 167 158 150 141 133 124 119 115 112 110 109 108 109 112 115 119 123 128 132 138 144 151 158 164 168 170 174 177 181 186 190 194 198 201 204 206 209 211 213 216 218 222 225 230 234 238 242 248 257 264 268 269 270 271 273 273 275 275 276 277 277 279 279 280 280 281 280 280 281 280 281 280 280
155 155 153 153 150 148 145 143 143 144 145 148 150 153 155 159 162 165 165 161 155 146 137 128 122 117 113 110 108 106 106 107 110 113 117 121 126 130 136 140 146 153 160 165 169 172 175 179 182 188 191 196 199 201 204 205 208 210 214 215 219 222 226 230 234 239 245 253 262 267 268 270 271 272 273 273 275 275 277 277 278 278 279 279 279 280 280 280 280 281 280 281
149 150 149 149 147 144 141 139 139 140 140 143 144 147 149 152 156 158 159 157 152 141 133 125 120 114 110 106 104 103 104 105 109 112 115 119 122 127 132 137 141 148 155 162 167 171 174 177 181 186 189 193 196 198 201 203 206 208 211 213 216 219 222 227 231 237 242 249 258 265 268 270 270 271 272 273 274 274 276 276 278 278 278 279 279 280 280 280 280 281 280 281
143 146 145 145 142 139 136 135 134 134 136 137 139 141 144 147 150 152 154 153 148 139 131 123 118 111 106 101 100 99 101 103 106 110 113 117 120 124 129 134 137 143 148 156 164 168 171 175 179 183 186 190 193 195 199 200 204 205 208 210 212 215 218 223 227 233 238 246 254 262 267 268 269 270 272 272 274 274 275 276 276 277 277 278 278 279 279 280 280 281 280 280
138 139 139 138 135 132 131 130 131 131 132 133 135 137 140 143 146 147 150 148 145 137 129 122 115 107 101 96 94 96 98 101 103 107 111 114 117 121 124 129 133 138 142 148 157 164 169 173 176 181 184 187 190 193 196 198 201 203 205 208 210 213 215 219 224 229 235 242 250 258 265 267 269 269 271 271 273 273 274 275 275 276 277 278 278 279 279 280 280 279 280 280
131 131 131 130 129 128 127 127 128 128 129 130 132 133 136 138 142 143 146 145 142 136 128 120 112 103 95 93 92 93 95 98 101 105 108 112 114 117 120 122 127 131 136 140 149 158 165 170 174 177 181 184 188 190 193 196 198 201 202 205 207 210 212 216 220 225 230 236 245 252 260 265 268 269 270 271 271 273 273 274 275 276 276 277 277 278 278 278 279 279 280 280
124 125 125 125 125 124 125 124 125 125 126 127 129 130 133 135 137 140 141 141 139 136 126 118 109 99 91 90 89 90 92 95 99 102 105 108 111 112 115 116 120 123 128 131 139 149 158 165 170 174 178 182 185 188 190 193 194 198 199 202 204 208 210 213 216 220 226 231 238 246 255 261 266 269 269 270 271 272 273 274 274 275 276 276 277 277 278 278 279 279 279 279
118 119 121 121 121 121 122 121 122 122 124 124 126 128 129 132 134 137 138 140 139 136 126 116 105 95 89 87 86 87 88 92 96 100 103 104 106 107 110 111 114 116 120 123 129 138 149 159 166 170 175 179 182 185 187 190 192 195 197 200 202 205 208 210 213 217 222 226 233 240 248 255 261 266 268 270 270 272 272 273 274 274 275 275 276 276 277 277 278 278 279 279
113 115 117 117 118 118 119 118 119 119 120 121 123 125 127 130 131 134 136 138 138 134 125 115 103 93 86 83 82 83 83 87 91 96 100 101 103 103 104 105 107 109 111 116 121 128 138 150 161 166 171 175 178 182 184 187 189 192 194 197 199 201 205 207 211 214 219 223 229 235 241 248 254 261 266 269 270 271 272 272 273 273 275 275 276 276 277 277 278 278 278 279
108 110 113 114 115 115 114 115 115 116 117 118 120 122 124 127 129 132 134 136 135 132 124 115 101 91 84 79 79 78 80 82 85 90 95 98 100 100 100 98 99 100 102 106 112 119 128 140 153 161 166 171 175 179 181 184 186 189 191 194 196 199 202 205 209 212 216 220 225 230 235 242 248 254 260 265 268 270 271 271 273 273 274 275 276 276 277 277 277 278 278 278
101 104 106 108 109 110 110 111 111 112 113 115 117 119 122 124 126 129 131 132 131 128 123 113 100 89 82 77 77 76 78 78 81 83 88 91 93 93 92 91 89 89 90 93 102 110 120 131 143 154 162 168 171 175 178 182 184 186 189 191 194 197 200 203 206 210 213 218 222 227 231 237 242 248 253 258 264 268 270 271 273 273 274 274 275 275 276 277 277 277 277 278
95 98 100 102 103 104 105 106 107 109 110 112 114 117 119 121 123 126 128 128 128 126 122 113 100 89 82 76 76 75 76 77 78 80 83 84 85 86 85 85 83 83 82 85 91 101 112 123 134 146 155 162 167 171 174 177 181 183 187 189 192 194 198 201 204 208 211 216 219 225 229 234 238 242 247 251 257 262 267 270 272 272 274 274 274 275 275 276 276 277 277 278
90 93 95 97 98 99 100 102 103 105 107 109 111 112 116 117 120 122 125 126 127 125 122 114 102 90 82 76 75 75 76 76 76 78 79 80 81 82 81 82 81 82 82 81 85 94 106 117 127 138 148 156 162 166 170 173 177 180 184 186 190 192 195 199 202 206 209 213 217 222 226 230 234 239 244 247 251 255 261 266 269 272 272 273 273 275 275 276 276 277 276 276
84 88 90 92 93 96 97 99 99 101 103 105 107 110 113 115 118 120 123 124 126 126 123 114 103 90 82 76 75 74 74 75 75 77 77 78 78 80 80 81 82 82 83 83 85 92 102 112 121 132 141 149 156 161 166 169 173 175 180 183 186 190 192 197 200 204 207 211 215 219 224 227 232 236 240 243 247 250 254 260 265 269 271 273 273 274 274 275 275 275 276 276
80 83 85 88 89 92 93 95 97 98 100 102 104 106 109 112 115 118 121 123 126 126 124 115 104 93 84 78 75 73 73 75 75 76 76 78 78 79 80 81 83 84 85 86 88 95 102 110 118 126 136 143 150 155 160 164 168 171 174 179 183 187 190 194 198 202 205 208 213 217 221 225 230 234 238 241 244 248 250 254 258 264 268 272 272 274 274 274 275 275 275 274
76 79 81 83 86 88 90 92 94 96 97 99 102 104 106 109 113 116 119 122 125 126 123 116 105 95 86 79 74 73 74 74 74 76 75 77 77 78 81 82 85 86 89 91 93 98 103 109 116 123 131 138 145 150 156 159 162 166 170 174 178 184 188 191 195 198 203 206 211 215 219 223 228 231 235 239 242 245 248 251 253 257 262 267 270 271 273 273 273 272 272 270
73 75 78 80 83 85 88 89 91 93 95 97 99 101 104 106 110 113 116 121 123 124 122 116 107 98 89 82 76 75 74 74 74 74 75 76 78 79 82 85 88 91 93 96 97 101 105 109 115 120 128 134 140 145 150 155 158 162 165 169 173 180 184 188 193 196 201 205 209 213 217 221 224 229 233 237 240 243 246 249 251 253 256 259 264 266 268 269 269 268 268 265
69 71 74 76 79 82 85 86 89 91 93 95 97 99 101 104 106 110 114 118 121 123 121 117 109 102 93 85 79 76 74 73 74 74 75 76 79 82 86 89 93 96 98 99 101 103 107 110 115 119 126 131 135 141 145 151 154 158 161 166 169 174 180 185 190 194 199 203 208 211 215 219 222 227 231 235 238 242 244 246 249 250 253 254 258 260 262 263 263 262 261 260
66 67 70 72 76 78 82 84 87 89 91 93 95 98 99 102 104 108 111 115 118 120 119 117 112 105 97 89 83 78 76 75 75 74 76 77 81 85 91 95 98 101 102 103 105 106 109 112 116 119 123 129 132 137 141 146 150 154 158 161 165 169 176 181 188 192 197 201 205 210 213 217 220 225 228 233 236 239 242 244 247 249 251 252 255 255 256 257 257 257 256 255
65 65 67 68 72 75 78 81 84 87 89 92 94 96 97 101 102 106 109 112 115 117 116 114 113 109 103 94 88 82 79 77 76 76 76 78 84 90 96 100 102 104 106 106 108 109 111 113 115 119 122 128 131 135 138 143 146 150 154 158 162 166 172 178 185 190 194 200 204 208 211 216 219 223 227 230 235 238 241 243 245 247 249 251 252 252 252 253 253 253 250 249
63 64 65 66 68 71 74 78 81 85 87 90 92 95 96 99 101 104 106 110 112 112 113 113 113 112 109 101 94 88 84 80 79 78 77 81 88 96 100 104 106 107 108 109 110 111 112 114 116 119 122 127 130 133 136 139 144 147 152 155 160 164 169 175 181 187 193 198 203 207 210 214 218 221 225 229 233 236 240 242 244 246 248 249 249 250 250 250 249 248 246 244
61 63 63 65 66 68 70 75 78 83 86 89 91 94 95 98 99 102 104 106 109 110 111 111 112 112 113 109 102 95 90 86 83 82 82 87 94 101 104 108 109 110 112 112 112 113 114 115 117 120 122 127 129 131 135 137 142 145 150 153 158 162 167 173 179 185 191 196 201 206 209 212 216 219 224 227 232 235 239 241 243 245 245 247 247 248 247 247 246 245 242 240
59 61 62 64 65 67 68 71 75 81 84 88 90 91 94 95 98 100 103 104 106 107 109 110 111 111 112 111 107 101 96 94 92 90 91 96 100 106 109 111 113 114 115 115 115 115 116 117 118 121 123 126 129 131 134 136 140 144 148 152 156 161 166 171 177 184 189 195 200 204 208 211 215 218 222 226 230 234 237 240 242 243 244 245 245 246 245 245 243 240 238 236
58 60 61 63 64 65 67 69 72 77 83 86 89 90 93 94 96 97 101 102 104 105 107 107 109 109 109 110 107 104 100 100 98 98 98 102 105 109 114 115 116 116 116 117 117 118 118 119 120 122 124 126 129 131 133 135 139 143 147 151 155 160 165 170 176 183 188 192 199 203 207 210 214 217 221 224 228 232 235 239 241 242 243 244 244 245 243 241 240 237 235 232
57 59 60 62 62 64 66 67 70 74 80 84 88 89 91 92 95 95 98 99 101 102 102 104 104 105 106 106 105 103 101 101 100 101 101 103 108 111 115 116 117 118 118 119 119 120 120 121 122 124 126 127 130 131 133 135 138 142 146 151 154 160 164 170 175 181 187 192 198 202 206 209 213 216 219 223 227 231 234 237 239 241 242 243 243 242 240 238 236 232 231 228
56 58 59 61 62 63 65 66 69 71 77 82 86 88 90 91 93 93 94 96 96 98 98 101 100 101 101 101 101 101 100 100 100 100 102 104 109 112 115 117 118 119 119 121 121 123 123 123 124 126 127 128 131 132 133 136 138 143 146 151 154 159 164 169 175 180 187 192 197 201 205 208 211 215 218 223 226 230 233 236 238 240 241 241 240 239 237 234 231 228 227 224
55 56 58 59 61 62 64 65 68 70 74 79 84 86 88 89 89 91 91 93 93 95 95 96 96 96 95 96 96 97 97 97 99 99 101 103 107 110 114 116 117 119 120 122 123 124 125 125 127 128 129 130 131 133 134 137 139 144 147 151 155 159 164 169 175 180 187 191 196 200 203 207 211 215 218 222 225 229 232 234 237 237 239 239 238 236 234 230 228 225 222 221
54 56 57 59 60 61 63 65 67 68 72 76 80 83 84 86 87 88 89 90 90 92 92 92 91 91 90 90 91 91 93 94 96 97 99 101 105 108 111 114 116 118 120 122 124 126 127 128 129 130 130 131 132 134 135 138 141 145 148 151 156 160 165 170 176 181 187 191 195 199 203 207 210 214 217 221 224 228 230 232 234 235 237 236 236 233 230 227 224 222 219 218
54 55 56 58 59 61 63 64 66 67 70 74 77 80 82 83 84 85 86 87 87 87 87 87 86 84 84 84 85 86 88 89 92 93 96 98 101 105 108 112 115 116 119 122 126 128 129 130 130 132 132 133 134 136 137 140 143 145 149 152 157 161 166 171 177 181 187 191 195 199 203 207 210 214 217 220 224 226 229 229 232 232 234 233 233 230 227 225 222 220 217 215
53 54 56 57 59 60 61 63 65 67 69 72 75 78 79 80 81 82 82 83 82 81 81 81 80 78 79 79 80 80 82 84 87 89 92 94 97 102 105 110 113 115 118 122 127 130 132 132 133 134 134 136 136 138 140 141 144 146 150 154 159 163 168 172 177 182 187 191 195 199 202 207 209 212 216 219 223 224 227 228 230 230 231 230 229 227 224 222 219 217 214 212
52 53 55 56 57 59 60 63 64 67 68 71 73 75 76 78 78 78 79 78 78 76 77 76 76 75 76 76 77 77 79 80 82 85 88 91 94 98 101 105 110 114 117 121 128 131 132 134 134 136 137 139 140 140 143 144 147 148 152 155 160 164 169 174 178 183 187 191 195 199 202 205 209 212 216 219 222 224 226 226 228 228 228 229 227 225 222 220 217 214 211 208
