relief.txt
ncols 965
nrows 651
xllcorner 438613.916131
yllcorner 5306059.570589
cellsize 10.000000
[rows 574 to 614 of 651, columns 276 to 367 of 965]
125 127 129 130 130 129 128 126 124 121 117 113 111 110 109 109 109 111 112 113 115 115 115 113 111 107 102 96 90 83 77 71 66 60 57 55 53 51 49 49 48 47 46 47 46 45 44 43 42 43 43 44 43 44 43 44 43 43 43 43 43 43 43 44 43 44 43 44 44 43 44 43 44 43 43 42 41 42 41 41 40 41 41 42 42 42 44 44 46 47 49 50
122 122 124 125 125 125 125 123 122 120 118 114 111 110 109 109 110 111 110 112 113 114 114 113 111 107 103 98 92 86 80 73 68 62 59 56 55 53 51 49 48 47 46 45 45 44 43 42 40 40 43 41 41 41 41 41 41 41 41 41 42 42 41 42 42 43 42 42 43 42 43 42 43 42 41 42 41 41 40 40 40 40 40 40 41 42 43 44 46 46 48 49
119 120 121 122 123 123 123 122 121 119 117 114 112 110 110 109 110 110 111 112 111 113 112 112 110 108 104 100 94 88 82 76 69 64 61 58 56 54 52 50 49 46 45 44 43 42 42 41 40 39 38 38 38 39 39 39 39 39 40 40 39 40 40 41 40 41 41 41 41 41 42 41 42 41 40 41 40 40 39 40 39 39 39 39 41 41 42 43 45 45 46 48
118 119 119 119 119 119 119 118 118 117 115 113 112 110 110 109 110 110 111 111 112 113 112 111 110 109 107 103 96 90 84 78 72 67 63 60 58 55 53 51 49 46 45 42 41 40 40 40 39 38 37 36 35 39 37 37 38 38 38 38 38 39 39 39 39 39 40 39 40 40 40 40 39 40 39 40 39 39 38 38 38 38 39 39 40 40 41 42 43 44 45 47
115 116 116 116 116 115 115 115 114 113 113 112 111 111 111 110 110 110 111 111 112 112 113 112 111 109 108 104 99 92 86 81 74 69 66 63 60 57 55 52 49 46 44 43 42 40 39 38 37 38 37 36 35 34 35 35 36 36 37 37 37 38 37 38 38 37 38 38 39 38 39 39 38 39 38 39 38 38 37 37 37 37 38 38 39 39 39 41 42 43 44 46
112 113 113 113 113 112 112 112 111 111 111 111 111 110 110 110 111 111 111 111 112 112 112 112 112 111 108 104 99 94 89 83 76 71 68 65 62 59 56 53 50 47 45 44 42 41 40 39 38 37 37 36 35 34 33 32 34 34 34 35 35 36 36 36 36 36 37 37 37 37 37 38 37 37 37 37 37 36 36 36 36 36 37 37 38 38 38 39 40 42 43 45
109 111 111 110 110 109 109 109 109 109 110 110 110 110 110 110 111 111 112 112 113 112 112 112 111 110 108 105 100 95 90 85 79 74 70 67 64 61 59 56 52 49 47 45 44 42 41 40 39 38 37 37 36 35 34 33 32 35 33 34 34 35 34 34 35 35 36 35 36 36 35 36 36 36 36 36 36 35 35 35 35 35 36 35 35 36 37 38 39 40 41 43
104 106 107 106 106 105 105 105 106 107 108 108 109 109 110 110 111 111 112 112 112 112 113 111 111 109 107 104 101 97 92 87 81 76 73 70 66 63 60 57 55 51 49 47 45 44 43 42 41 40 38 37 36 36 35 33 32 31 31 31 32 33 33 33 34 34 34 34 34 35 34 35 35 35 35 34 34 34 34 34 34 34 34 34 34 35 35 37 37 38 39 40
95 98 99 99 99 100 100 101 103 105 107 107 108 108 108 109 110 111 112 112 113 112 113 112 111 108 107 104 101 97 94 89 83 78 75 72 69 65 62 59 57 53 51 49 47 46 44 43 42 41 40 39 36 35 35 34 33 32 31 30 34 31 32 32 32 32 33 33 32 33 33 34 33 33 33 33 33 33 33 33 33 33 33 33 33 34 34 35 35 36 37 38
85 87 88 89 90 91 91 93 96 100 102 104 105 106 107 108 109 111 111 112 113 112 113 112 111 109 108 105 102 98 95 90 86 81 77 74 71 68 65 61 59 56 54 51 50 48 46 45 43 42 41 40 38 37 36 34 34 33 31 31 30 30 29 30 31 31 31 31 31 32 32 32 32 32 32 32 32 32 32 32 31 32 32 32 32 33 33 33 34 34 36 36
77 78 79 80 82 83 84 86 88 91 94 98 101 103 104 105 106 108 110 112 113 113 113 112 111 109 108 106 103 99 96 92 88 84 80 76 73 70 67 64 62 58 56 54 52 51 49 46 45 43 42 41 39 38 37 36 35 33 32 31 30 29 28 31 29 29 29 30 30 31 30 31 31 30 31 31 31 31 30 31 30 32 31 32 31 32 32 32 32 33 34 34
68 71 73 74 75 76 77 79 81 83 86 89 93 96 99 101 103 105 107 110 111 113 114 112 111 109 108 106 103 100 97 92 89 85 82 79 76 71 69 66 64 61 59 56 54 53 51 49 46 45 43 42 40 39 38 36 35 34 33 31 30 29 28 27 29 27 28 29 28 29 29 29 30 29 30 30 30 30 30 31 30 31 30 31 30 30 31 30 31 32 33 33
58 62 64 66 68 69 71 72 73 75 77 81 84 87 91 94 98 101 104 106 108 110 111 112 111 109 107 105 103 100 97 94 91 86 83 80 77 74 72 69 67 64 62 60 58 55 53 51 49 48 45 43 41 40 38 37 36 34 33 32 31 30 29 28 26 25 26 27 27 28 28 28 29 28 29 29 29 30 29 30 29 30 29 28 29 29 30 29 30 30 32 32
49 52 56 58 60 62 63 65 66 68 70 72 75 79 82 86 90 94 97 102 106 107 107 109 108 107 106 105 102 100 97 94 91 88 85 81 79 76 74 71 70 66 65 62 60 58 55 53 51 49 47 45 43 41 39 37 36 34 33 32 31 30 29 28 27 26 25 29 26 26 27 27 28 28 29 28 28 29 28 28 28 28 28 27 28 28 29 29 29 29 30 31
42 44 47 50 52 54 55 57 58 60 63 65 68 71 74 78 82 85 88 93 97 101 104 105 105 105 104 103 101 100 96 94 92 88 85 82 80 77 75 73 72 69 68 64 63 60 58 56 52 51 49 47 45 43 40 38 36 35 34 33 31 30 29 28 27 27 26 25 25 25 27 27 27 27 27 27 27 27 27 27 27 26 27 26 27 27 28 28 27 28 28 30
31 35 38 42 44 47 48 50 51 52 55 58 60 63 66 69 73 76 81 84 88 90 94 97 100 101 102 101 100 99 97 94 90 87 84 82 80 78 77 74 73 71 70 68 66 63 60 58 55 53 50 48 46 44 42 40 37 36 34 33 32 31 30 29 28 27 26 26 26 24 29 26 26 26 26 26 26 26 26 25 26 25 26 25 26 26 26 26 26 27 27 29
20 24 28 31 35 37 39 41 43 45 47 49 52 56 59 62 65 69 72 76 79 82 84 87 89 92 94 94 94 94 92 91 88 86 83 82 80 79 78 76 75 73 72 70 67 65 61 59 57 55 53 51 48 45 43 40 39 37 35 34 33 32 31 30 30 29 28 27 26 26 25 27 24 25 24 25 25 25 25 24 25 24 25 24 25 25 25 25 25 26 26 28
7 12 16 20 25 28 30 32 34 36 39 41 45 48 52 55 57 60 63 67 70 73 75 77 79 81 83 84 86 87 87 86 85 84 84 83 81 80 79 77 76 75 74 71 69 66 63 61 58 56 54 52 50 48 44 42 41 39 38 36 34 34 33 32 31 30 29 28 27 26 25 24 23 24 23 24 24 23 24 23 24 23 24 23 23 24 23 24 24 25 25 25
0 0 4 8 12 16 21 25 26 29 31 34 37 41 46 48 50 52 54 56 60 63 66 69 70 72 73 75 77 79 81 81 81 81 82 82 81 81 79 78 77 76 75 73 71 67 64 62 61 58 56 54 52 50 48 45 43 41 40 39 37 35 34 33 32 31 30 29 28 27 26 25 24 23 26 22 22 22 22 22 23 22 23 22 22 22 22 23 23 24 24 24
0 0 0 0 2 5 9 13 18 22 24 26 29 32 36 40 43 45 47 48 50 53 55 58 61 63 65 67 70 72 75 77 77 78 78 79 79 79 79 78 77 76 75 73 71 68 65 63 62 60 58 56 54 52 50 48 46 44 42 41 39 38 36 34 33 32 31 30 29 28 27 26 25 23 22 22 20 21 21 21 21 21 21 21 21 21 21 21 21 21 22 22
-9999 0 0 0 1 5 7 8 8 13 16 19 22 25 28 31 33 36 39 41 42 44 46 49 51 55 57 60 63 65 68 71 73 75 75 75 76 77 77 76 76 76 74 72 70 68 67 65 63 61 60 58 57 55 52 51 49 47 46 43 41 40 38 37 35 34 32 31 30 29 28 27 26 24 23 22 19 24 19 20 20 20 19 20 19 20 19 19 20 20 20 20
-9999 -9999 -9999 0 2 3 6 9 11 13 14 14 14 17 19 22 25 28 32 35 37 39 39 41 43 47 50 53 57 60 62 65 67 70 72 73 73 74 74 75 74 73 73 72 70 68 67 66 64 64 61 60 58 57 55 54 52 49 48 47 45 42 40 39 37 36 34 33 31 30 29 28 26 25 24 23 21 20 20 18 18 19 18 18 18 18 18 18 18 18 19 19
-9999 -9999 -9999 -9999 0 1 2 4 9 13 16 19 20 20 18 16 16 19 23 27 30 34 35 37 39 42 45 48 51 55 58 60 63 66 68 70 71 72 72 73 73 72 72 71 70 69 68 67 66 65 64 62 60 59 57 56 55 52 51 49 47 45 43 41 39 37 36 35 33 31 30 29 27 26 25 23 22 20 19 16 19 17 17 17 17 16 17 16 17 17 17 17
-9999 -9999 -9999 -9999 -9999 0 0 2 4 8 14 18 22 24 24 23 22 20 20 21 24 27 30 33 35 38 41 45 49 51 54 57 60 63 64 66 68 70 71 72 71 71 72 71 71 70 70 69 67 66 65 64 63 61 59 58 57 55 54 51 50 48 46 43 41 39 38 36 35 33 31 30 28 27 25 24 23 21 20 18 17 19 15 16 16 15 15 15 16 15 16 16
-9999 -9999 -9999 -9999 -9999 -9999 -9999 0 0 3 7 11 16 20 24 25 26 26 28 29 30 31 30 31 32 35 38 42 46 50 52 56 58 60 62 64 66 67 69 70 71 71 71 71 71 70 70 70 69 68 66 66 64 63 62 61 59 58 56 55 53 50 48 45 44 42 39 37 36 34 33 32 29 28 26 25 23 22 21 19 18 16 15 14 14 14 14 14 14 14 14 15
-9999 -9999 -9999 -9999 -9999 -9999 -9999 -9999 0 0 2 4 8 10 15 18 22 24 27 30 34 37 40 42 42 42 41 41 44 48 51 54 57 59 62 63 64 65 67 68 70 70 71 71 71 71 71 70 70 69 69 68 66 65 64 63 62 60 58 57 55 53 51 47 45 43 41 40 37 35 34 33 31 29 27 26 24 23 22 20 19 17 16 13 17 13 13 13 12 13 13 14
-9999 -9999 -9999 -9999 -9999 -9999 -9999 -9999 -9999 -9999 0 3 4 6 9 11 14 16 18 23 27 33 38 44 49 52 55 55 56 55 54 53 56 58 61 63 64 64 65 67 68 69 70 71 71 71 71 71 70 70 70 69 68 66 65 64 63 62 61 59 57 55 53 50 48 45 43 41 39 38 35 34 32 31 29 27 25 24 23 21 20 18 16 15 13 13 11 12 11 12 12 13
-9999 -9999 -9999 -9999 -9999 -9999 -9999 -9999 -9999 -9999 -9999 0 3 3 5 6 9 12 14 17 21 24 29 35 42 49 55 61 65 68 69 69 66 65 62 62 63 64 65 66 66 68 68 70 70 71 71 72 70 70 70 69 69 68 68 66 65 64 62 61 59 56 54 51 49 47 44 42 40 39 37 35 33 32 30 29 27 25 24 22 21 19 17 16 14 13 10 14 11 11 11 12
-9999 -9999 -9999 -9999 -9999 -9999 -9999 -9999 -9999 -9999 -9999 -9999 0 3 2 3 5 8 11 14 17 21 24 30 35 41 45 52 59 67 73 76 77 77 77 75 72 69 67 66 67 67 67 68 69 70 71 71 71 71 70 70 69 69 68 68 67 65 63 62 60 58 56 52 51 48 46 44 42 40 38 37 35 33 31 30 28 27 26 23 22 20 18 16 15 14 12 11 12 9 10 10
-9999 -9999 -9999 -9999 -9999 -9999 -9999 -9999 -9999 -9999 -9999 -9999 -9999 0 0 1 4 6 10 13 15 19 23 27 32 37 42 48 55 62 68 71 74 77 80 82 82 81 80 77 74 71 69 69 68 70 70 71 71 71 71 71 70 70 69 68 67 66 65 62 60 59 57 54 53 49 48 46 44 42 39 38 36 35 33 31 29 28 26 25 22 20 19 17 16 14 13 12 10 9 10 9
-9999 -9999 -9999 -9999 -9999 -9999 -9999 -9999 -9999 -9999 -9999 -9999 -9999 -9999 -9999 0 1 6 10 13 16 19 24 28 32 37 41 46 53 59 66 71 73 75 77 77 78 81 82 83 84 82 81 78 76 73 71 70 71 71 71 71 71 71 69 68 67 66 65 64 62 59 57 55 54 51 49 47 45 44 42 40 37 36 34 32 31 28 27 25 24 22 20 18 16 15 14 12 11 10 8 13
-9999 -9999 -9999 -9999 -9999 -9999 -9999 -9999 -9999 -9999 -9999 -9999 -9999 -9999 -9999 -9999 0 2 6 11 16 21 27 32 36 39 44 48 53 59 66 71 75 76 76 76 78 79 80 80 81 82 83 84 84 83 82 80 77 74 72 71 71 71 70 69 67 66 65 64 62 60 58 56 55 53 51 49 47 45 43 42 39 38 35 33 32 30 29 26 24 23 21 20 17 16 14 13 11 10 9 8
-9999 -9999 -9999 -9999 -9999 -9999 -9999 -9999 -9999 -9999 -9999 -9999 -9999 -9999 -9999 -9999 -9999 0 3 8 14 19 23 27 33 39 45 52 60 64 68 74 80 80 80 80 80 80 80 80 81 80 82 81 82 82 84 85 85 84 83 79 76 73 70 69 68 66 65 64 62 61 59 58 56 54 53 51 49 48 44 43 40 39 37 34 33 31 29 27 25 23 22 20 18 17 14 13 12 11 10 9
-9999 -9999 -9999 -9999 -9999 -9999 -9999 -9999 -9999 -9999 -9999 -9999 -9999 -9999 -9999 -9999 -9999 -9999 0 4 10 17 22 25 31 38 43 48 54 59 65 73 81 88 89 86 85 85 84 83 83 82 82 82 82 83 83 84 84 84 85 85 84 82 79 75 71 68 66 64 62 61 60 59 58 56 54 52 51 49 47 45 41 40 37 36 34 31 30 28 27 25 22 21 19 18 16 14 13 12 11 10
-9999 -9999 -9999 -9999 -9999 -9999 -9999 -9999 -9999 -9999 -9999 -9999 -9999 -9999 -9999 -9999 -9999 -9999 -9999 0 5 12 17 20 25 33 38 45 51 58 65 71 77 83 87 87 87 88 90 91 88 87 87 86 85 85 85 85 85 85 85 85 84 82 82 81 78 76 73 70 66 63 61 60 59 57 56 53 52 50 48 46 43 41 38 37 35 33 32 29 27 26 24 22 19 18 16 15 14 12 12 11
-9999 -9999 -9999 -9999 -9999 -9999 -9999 -9999 -9999 -9999 -9999 -9999 -9999 -9999 -9999 -9999 -9999 -9999 -9999 0 3 11 17 21 23 27 33 38 43 50 57 64 71 77 84 87 89 88 89 88 89 88 89 90 92 91 89 89 90 89 89 87 86 84 83 81 80 77 76 75 73 70 68 64 61 58 57 55 54 51 49 47 44 43 40 38 36 34 32 30 28 26 24 23 21 20 17 16 15 14 13 11
-9999 -9999 -9999 -9999 -9999 -9999 -9999 -9999 -9999 -9999 -9999 -9999 -9999 -9999 -9999 -9999 -9999 -9999 -9999 -9999 0 7 16 21 24 27 31 37 44 50 56 60 64 69 73 77 80 85 86 87 88 90 91 91 91 91 90 91 93 95 95 92 91 88 86 84 81 79 77 76 74 73 71 69 68 66 63 60 56 53 50 48 45 43 41 39 38 35 33 31 29 28 25 23 21 20 19 17 16 15 14 13
-9999 -9999 -9999 -9999 -9999 -9999 -9999 -9999 -9999 -9999 -9999 -9999 -9999 -9999 -9999 -9999 -9999 -9999 -9999 -9999 0 2 11 18 20 23 26 31 37 45 52 58 62 67 72 78 81 83 84 84 84 83 83 87 89 90 92 93 95 95 96 95 93 92 90 90 86 83 81 79 78 75 73 72 70 68 67 64 61 59 55 51 47 44 42 40 38 36 33 32 30 28 26 25 22 21 20 18 17 15 15 14
-9999 -9999 -9999 -9999 -9999 -9999 -9999 -9999 -9999 -9999 -9999 -9999 -9999 -9999 -9999 -9999 -9999 -9999 -9999 -9999 -9999 0 7 15 19 21 24 27 33 41 48 54 57 60 63 68 74 78 81 83 85 86 87 88 88 88 89 89 88 90 93 95 95 95 94 92 89 88 85 83 82 80 77 75 73 70 68 66 64 61 58 56 53 50 47 43 40 37 35 33 30 29 27 25 24 22 20 19 18 17 16 15
-9999 -9999 -9999 -9999 -9999 -9999 -9999 -9999 -9999 -9999 -9999 -9999 -9999 -9999 -9999 -9999 -9999 -9999 -9999 -9999 -9999 0 2 11 18 19 22 25 30 36 43 50 54 57 59 63 68 73 77 79 80 82 82 84 86 88 90 91 92 93 93 93 92 92 89 88 88 87 86 86 86 83 81 79 76 75 73 70 67 64 60 58 55 52 50 46 44 42 39 35 32 29 28 26 25 23 22 20 19 18 17 16
-9999 -9999 -9999 -9999 -9999 -9999 -9999 -9999 -9999 -9999 -9999 -9999 -9999 -9999 -9999 -9999 -9999 -9999 -9999 -9999 -9999 -9999 0 5 13 18 21 23 26 32 39 46 52 55 57 60 64 69 74 76 78 80 81 83 85 86 88 89 89 90 91 92 91 92 91 91 89 89 87 85 83 80 79 78 77 77 75 73 69 67 64 62 59 55 52 49 46 44 41 39 37 34 31 27 25 24 22 21 20 18 17 17
