relief.txt
ncols 965
nrows 651
xllcorner 438613.916131
yllcorner 5306059.570589
cellsize 10.000000
[rows 533 to 573 of 651, columns 644 to 735 of 965]
175 178 180 182 185 188 190 195 202 208 211 212 215 218 221 224 228 232 236 240 243 246 247 249 252 258 264 271 276 280 285 290 295 300 306 308 311 314 317 321 324 328 331 335 340 344 349 354 360 365 369 374 378 383 388 392 394 396 397 397 398 398 397 397 396 395 394 393 392 391 389 387 385 381 375 369 357 345 334 329 327 325 320 317 312 307 302 297 291 284 277 272
174 176 179 182 184 187 189 191 195 201 207 211 214 216 219 223 226 230 234 237 241 245 248 251 256 262 268 273 278 283 288 293 298 303 307 310 313 316 318 322 325 328 331 336 340 345 350 354 359 364 369 374 379 384 388 391 393 394 395 396 396 397 397 397 395 394 393 392 391 390 388 383 372 363 355 351 345 339 334 329 325 321 317 312 307 303 298 292 286 279 273 268
173 175 178 181 184 186 188 190 192 195 202 208 212 216 218 222 226 229 233 237 241 245 249 253 258 264 269 275 281 285 290 295 300 305 308 311 314 317 320 323 326 329 332 336 340 345 349 354 359 363 368 373 380 385 389 391 392 393 394 395 395 396 396 396 396 395 393 384 377 372 371 370 366 360 354 347 341 336 330 325 321 317 313 307 302 297 293 287 282 275 269 265
173 175 177 181 183 186 187 189 191 194 198 204 210 214 218 222 225 229 233 238 243 248 251 255 260 265 270 277 283 288 293 298 303 306 310 312 315 318 320 324 326 329 333 337 342 345 349 354 358 362 367 372 379 385 389 390 391 393 393 394 394 395 392 384 381 377 378 376 374 373 370 366 361 354 348 342 336 331 325 321 318 313 308 301 295 291 288 283 278 271 267 263
173 175 179 181 183 186 187 189 190 193 197 203 208 213 217 223 227 230 234 239 243 249 253 257 261 266 271 278 284 290 295 301 305 309 311 313 316 319 321 324 327 330 334 337 342 346 350 354 357 362 366 372 379 385 388 388 391 391 386 381 378 379 380 380 379 378 376 374 372 370 367 361 357 350 343 336 331 326 322 317 313 309 303 296 291 287 283 279 274 269 264 260
174 176 180 183 184 187 188 189 189 192 196 202 208 212 217 223 228 232 235 240 245 250 255 259 264 269 273 279 285 291 297 303 307 310 312 315 317 320 322 325 327 331 334 338 342 346 350 354 358 362 365 371 379 383 376 375 375 377 379 378 379 378 378 376 375 374 372 370 368 366 363 358 352 345 338 331 327 322 318 313 309 304 298 291 287 283 279 276 271 266 261 257
176 179 182 185 188 189 190 191 192 194 197 203 209 213 218 224 229 233 238 242 246 251 256 262 267 271 276 282 286 293 300 305 308 311 313 316 319 322 324 326 328 332 335 338 342 346 350 353 356 355 354 356 365 370 371 373 376 376 377 377 376 375 373 373 371 369 367 366 365 363 358 353 347 340 333 327 323 318 313 309 305 299 293 287 283 279 276 272 268 263 258 255
178 182 186 189 191 193 194 195 196 199 202 206 211 217 222 227 231 235 239 243 248 253 259 266 270 274 278 283 289 295 302 306 309 312 314 317 319 322 325 328 330 333 336 339 340 336 337 340 344 348 353 357 365 367 368 371 373 374 374 374 374 373 370 369 366 365 363 362 360 358 354 349 343 336 328 323 318 313 309 305 301 295 288 283 279 276 273 269 265 260 256 252
181 186 190 192 195 198 201 201 203 205 208 211 215 222 227 231 234 237 241 245 249 255 262 268 272 276 280 285 291 298 305 307 310 312 315 318 320 323 325 328 326 323 324 328 330 333 336 339 343 347 351 356 362 364 365 367 369 371 372 372 371 369 366 365 362 359 358 357 355 352 349 346 340 331 324 319 313 309 305 301 297 291 284 279 276 273 270 266 262 257 253 250
185 188 192 195 199 204 208 209 209 210 213 219 224 228 232 235 238 240 243 247 251 257 265 269 274 278 282 286 293 300 306 308 310 313 316 317 314 313 314 318 319 322 324 327 329 332 334 337 340 344 348 354 359 360 361 364 367 369 369 369 368 366 363 359 356 354 352 351 349 348 345 342 336 328 320 314 309 305 301 297 293 287 281 276 273 270 266 263 259 255 251 247
186 189 193 195 200 205 209 212 213 215 219 225 230 232 235 239 241 244 246 249 254 259 266 271 277 280 284 289 296 302 306 306 303 304 306 309 310 313 315 317 318 322 323 325 327 329 331 334 338 341 346 350 353 356 357 359 362 365 366 367 365 362 358 354 350 349 347 347 345 342 339 336 331 324 317 310 305 301 298 294 289 284 278 274 271 267 263 260 256 253 249 245
186 190 191 193 197 200 205 209 212 214 219 225 230 233 237 242 245 247 250 252 257 261 267 273 278 283 287 287 289 294 297 300 303 305 307 309 310 313 314 316 317 319 320 323 324 327 329 331 334 338 344 347 349 350 352 355 358 362 363 364 362 358 354 350 346 345 344 342 340 337 334 331 326 320 313 306 301 298 294 290 286 281 276 271 268 265 261 257 253 250 247 243
184 188 188 190 192 193 196 201 207 211 216 222 229 234 239 245 248 251 254 257 260 264 268 269 272 277 282 285 291 294 297 299 301 304 306 308 309 311 312 313 314 316 318 320 322 324 325 329 332 336 340 343 344 345 347 350 353 357 359 359 357 353 349 345 343 341 339 337 335 332 329 326 321 316 309 302 297 294 291 287 283 279 274 269 266 262 258 254 250 247 244 240
180 183 186 187 189 190 192 194 200 205 211 218 226 232 240 245 249 253 253 254 256 261 265 271 276 280 283 287 292 294 296 298 299 301 304 306 307 308 309 312 313 314 315 317 320 322 323 325 329 333 337 339 339 341 342 345 348 351 353 353 351 348 346 342 339 337 335 333 331 328 325 321 317 312 305 298 294 291 288 284 281 276 271 268 264 259 255 252 248 245 241 238
176 179 182 184 186 188 191 192 195 200 207 212 221 230 232 238 242 246 253 257 260 264 268 274 279 282 285 287 289 291 293 295 297 300 301 304 306 307 308 309 310 312 313 315 316 318 320 322 326 330 333 334 334 336 337 339 342 345 347 346 345 343 341 338 335 333 331 329 327 324 321 317 313 308 301 294 290 288 284 281 278 274 269 266 262 257 253 249 245 242 238 235
175 176 179 183 184 187 190 190 193 195 197 203 209 221 229 235 239 245 253 258 260 264 270 276 279 282 284 287 288 289 291 293 296 298 300 302 303 305 306 307 308 309 310 312 313 315 318 320 323 327 328 328 329 330 332 334 337 341 341 341 339 338 336 334 331 329 327 325 323 320 317 313 309 304 297 291 287 284 282 279 275 273 268 264 260 255 251 247 242 239 236 232
173 174 178 181 183 182 184 186 187 190 194 199 206 216 225 230 234 239 247 253 256 262 269 278 282 284 285 285 287 288 290 291 293 295 299 300 302 303 303 304 305 306 307 310 311 313 314 317 320 322 322 323 323 323 326 330 333 336 337 336 335 334 332 329 327 324 323 321 319 316 313 309 305 300 294 288 284 281 279 277 274 270 266 262 258 253 248 244 240 236 232 228
172 171 174 176 179 181 183 185 186 189 192 197 202 210 218 224 228 231 237 246 252 260 269 279 283 284 284 284 285 286 288 290 291 293 295 297 298 299 300 302 303 304 305 306 307 309 311 314 316 317 317 317 317 317 319 324 328 331 332 332 332 330 327 325 322 320 318 316 314 312 308 305 302 297 290 285 282 279 277 274 271 268 263 259 255 250 245 241 237 233 229 225
169 172 174 175 178 179 180 183 184 186 188 193 198 205 212 217 221 225 230 238 246 254 265 276 280 281 282 282 283 284 285 287 288 290 292 294 295 297 297 299 299 300 301 303 304 306 308 310 311 312 312 311 311 311 312 316 322 327 329 329 329 326 323 320 317 314 313 311 309 307 304 301 298 295 287 283 279 276 273 270 268 264 259 256 252 247 242 238 234 230 225 221
168 170 172 174 175 176 178 179 181 182 185 190 195 201 207 212 216 220 224 230 237 246 257 269 276 278 279 279 280 281 282 285 286 287 289 290 291 293 294 295 296 297 297 299 301 304 306 307 307 306 305 305 306 306 307 311 317 323 326 326 326 323 319 315 312 309 308 306 305 304 301 299 296 291 284 279 276 273 270 267 264 260 255 251 248 243 239 235 230 226 222 217
165 166 168 170 170 172 175 176 179 182 185 189 193 198 202 206 211 215 219 224 230 238 247 259 268 273 276 277 278 279 280 281 283 284 286 286 288 289 290 291 293 294 295 297 298 299 300 299 298 298 298 299 300 301 304 307 312 317 322 323 322 319 315 310 308 306 305 303 302 299 298 296 293 288 281 276 272 269 266 263 260 256 251 247 243 238 234 230 226 221 217 212
159 162 164 166 167 169 173 176 178 181 184 187 191 195 198 202 204 208 213 219 225 231 239 250 260 268 272 273 274 275 277 278 279 280 283 283 285 286 287 289 289 290 291 293 293 293 292 291 289 289 291 293 295 298 300 302 307 312 318 321 320 317 312 307 304 302 301 299 298 296 294 292 289 284 277 272 269 265 262 259 255 251 245 242 238 233 230 226 221 217 213 208
153 157 160 162 163 166 171 175 178 179 181 183 187 191 194 197 200 203 207 213 219 225 233 242 252 261 267 270 272 273 274 275 276 277 278 279 280 282 283 285 285 287 288 289 288 287 285 284 284 284 285 288 291 294 297 299 303 308 313 316 315 313 308 303 300 298 297 295 294 292 290 289 286 280 272 268 265 261 258 255 251 246 240 237 233 229 225 222 217 213 209 205
147 150 154 157 159 162 167 173 176 177 178 180 182 185 188 190 194 197 202 208 214 221 228 236 247 256 263 267 268 270 271 271 272 273 274 275 276 277 278 280 281 282 284 284 283 282 281 281 281 281 282 283 286 289 292 295 298 303 307 310 310 307 304 299 297 295 293 291 290 289 287 285 282 275 267 263 260 258 255 251 247 241 237 233 229 225 221 217 212 208 204 200
142 143 146 149 152 155 161 167 171 173 174 176 177 180 182 185 188 192 197 202 209 216 224 231 241 250 257 263 265 266 267 268 269 270 271 271 272 273 275 276 277 279 280 279 278 277 277 277 277 278 278 279 282 285 288 291 294 297 301 303 303 302 299 296 294 291 290 289 287 286 284 282 278 269 263 260 257 254 250 246 241 236 232 228 225 220 216 212 207 203 200 196
136 137 138 140 143 146 150 155 161 164 167 169 171 173 176 180 183 187 193 199 205 213 220 227 236 245 253 259 262 264 264 264 265 265 265 266 267 268 270 272 274 275 274 274 274 273 273 273 273 274 274 276 278 281 285 289 292 294 297 298 299 298 296 293 292 289 288 285 283 282 280 278 270 262 259 256 252 249 246 241 236 231 227 224 220 216 212 207 202 199 195 193
131 132 132 132 134 136 139 143 148 153 158 161 164 167 170 173 177 182 188 194 201 209 216 223 231 240 247 253 257 259 260 260 260 261 261 261 263 264 267 269 270 271 271 271 270 270 270 270 270 271 272 273 275 277 281 285 288 291 293 294 294 294 293 290 288 286 284 281 279 278 276 271 263 258 254 251 248 246 242 236 232 227 224 220 216 212 208 204 199 196 192 189
126 126 126 126 128 128 130 132 136 141 146 151 155 159 163 167 173 178 184 190 197 205 213 220 227 235 242 248 251 254 255 256 256 256 256 256 258 260 263 264 266 266 266 266 266 266 266 266 267 268 268 270 271 274 277 281 284 287 289 291 291 291 290 288 286 283 281 278 276 275 271 265 258 254 251 248 245 242 237 231 227 223 219 216 212 207 203 199 195 191 188 184
120 119 119 119 119 120 121 123 124 128 133 138 143 149 154 160 166 173 180 186 194 202 210 217 223 231 237 242 245 248 250 250 251 252 252 252 255 257 260 261 263 263 263 262 262 262 262 263 263 265 266 268 269 272 275 278 281 284 286 288 287 287 286 285 282 279 276 274 272 269 265 258 253 249 247 244 241 237 232 227 224 219 215 212 208 203 199 195 191 188 184 181
114 113 113 113 112 113 113 114 116 118 122 126 132 138 144 151 158 167 176 182 189 197 206 212 218 224 230 235 238 240 242 243 244 245 247 248 251 253 255 257 258 258 258 257 257 257 257 258 259 262 263 265 267 269 272 275 278 281 283 284 285 285 284 283 280 276 273 270 267 264 259 253 249 246 244 241 238 234 229 224 219 215 211 207 203 199 195 191 187 184 180 177
107 105 105 105 104 104 105 106 106 109 112 117 123 129 135 143 153 162 171 178 185 193 202 208 213 217 222 228 232 235 237 237 237 239 242 245 248 250 253 254 255 255 253 253 252 252 253 254 255 257 259 261 263 265 268 270 273 276 277 279 280 281 281 279 276 272 268 265 262 258 253 249 246 243 241 238 234 230 225 221 216 211 207 203 200 196 192 188 185 181 177 174
99 98 96 96 96 96 96 97 98 100 104 108 114 121 128 138 149 158 166 174 181 188 196 202 207 211 215 220 225 228 230 231 231 234 238 242 245 248 250 251 251 251 249 248 248 248 249 250 252 254 256 258 260 263 264 267 268 270 272 274 276 278 279 276 272 268 264 260 257 253 248 245 242 239 237 234 230 226 221 217 212 207 202 199 195 193 189 185 182 178 175 171
91 90 90 90 90 90 90 91 92 94 97 102 108 114 122 135 147 156 163 170 176 183 189 196 201 205 209 214 217 221 223 226 227 230 234 239 242 245 247 247 247 246 245 244 245 245 246 247 248 250 252 255 257 259 261 263 264 265 267 268 271 274 275 273 269 264 260 256 253 249 245 242 239 236 234 231 227 223 218 214 209 203 199 196 193 189 185 182 178 175 171 168
85 84 84 84 84 84 85 87 87 89 92 96 103 111 120 134 147 156 162 168 174 179 185 192 196 199 203 208 212 215 217 221 225 228 232 236 239 242 244 244 243 242 241 241 241 242 243 243 245 247 249 251 254 256 257 259 259 260 261 263 265 268 270 269 265 261 256 253 249 245 242 239 236 233 231 227 224 220 215 211 206 201 197 193 190 186 183 180 176 172 168 165
79 78 78 78 79 81 82 83 83 85 87 93 100 109 120 134 146 154 161 167 172 176 181 187 192 195 199 203 208 210 213 217 223 227 230 232 236 239 240 240 239 238 238 238 238 238 239 240 242 243 246 248 250 252 254 255 255 256 257 258 260 262 264 263 261 258 254 250 245 242 239 236 233 230 228 225 221 217 213 208 203 199 195 191 188 184 181 178 174 170 166 163
73 73 73 73 74 76 78 80 81 82 85 92 100 110 121 135 147 154 160 166 170 175 179 184 188 191 195 199 204 207 209 213 220 225 228 231 234 237 237 237 237 236 235 235 236 236 237 237 239 240 242 245 247 249 250 251 252 253 253 254 255 257 259 259 258 255 251 247 242 239 236 234 231 228 225 222 218 214 210 206 201 196 192 189 186 182 179 176 171 167 164 160
70 70 70 70 72 74 76 78 80 81 84 91 101 111 122 135 146 153 159 165 170 175 179 184 188 191 195 198 202 205 208 212 217 223 225 228 231 234 234 233 233 231 231 232 232 233 235 235 237 239 241 243 245 247 248 249 250 251 252 253 254 254 255 255 255 253 249 243 239 236 233 231 228 225 223 219 216 212 208 203 199 194 190 187 184 180 177 174 169 165 162 158
68 68 68 68 70 71 74 76 78 79 83 93 104 113 124 136 145 152 159 165 170 175 180 185 188 192 195 198 201 204 207 210 216 221 224 226 229 231 231 229 229 228 228 229 230 231 232 233 235 237 238 241 242 244 245 247 247 248 249 250 251 252 253 254 254 252 247 241 237 234 232 230 227 224 221 218 214 211 207 201 196 192 188 185 182 178 175 172 167 163 160 156
65 66 66 67 68 71 74 75 78 80 84 96 106 115 125 134 144 150 156 163 169 174 179 185 190 193 195 198 201 205 207 210 215 219 222 224 226 227 226 223 223 223 224 225 226 228 230 232 234 236 237 239 241 242 243 245 246 247 248 249 249 250 250 251 250 248 243 237 234 231 229 227 225 222 219 216 212 208 205 200 195 191 187 184 181 178 174 171 166 162 159 155
64 65 66 68 69 71 74 75 78 80 86 98 107 115 124 132 141 148 154 161 167 174 179 184 190 193 195 198 202 205 208 209 212 216 219 221 223 223 222 219 219 220 221 222 224 226 228 231 233 235 236 237 238 240 241 243 243 244 245 246 247 248 248 248 247 245 240 235 232 230 228 226 223 221 219 215 211 207 202 198 193 189 185 182 179 176 173 169 165 160 157 153
67 67 68 70 71 71 74 75 78 79 88 100 108 115 123 131 139 146 152 158 165 171 176 183 189 192 193 197 201 204 206 208 210 212 216 219 220 219 218 216 216 217 218 219 221 223 225 228 230 233 234 236 237 239 240 241 242 243 243 244 245 246 246 246 244 242 237 232 230 227 226 223 221 219 217 213 209 205 201 196 192 188 184 181 178 175 173 169 165 160 156 152
