relief.txt
ncols 965
nrows 651
xllcorner 438613.916131
yllcorner 5306059.570589
cellsize 10.000000
[rows 369 to 409 of 651, columns 736 to 827 of 965]
489 488 487 481 478 481 478 471 465 460 455 451 448 446 445 445 445 448 450 451 450 448 446 447 446 445 445 443 441 441 439 438 437 436 435 436 436 437 438 438 439 440 440 441 441 442 441 441 441 440 438 438 438 439 439 440 439 438 437 435 435 433 433 432 432 431 431 431 429 425 425 427 422 419 416 414 411 408 404 401 399 397 395 395 397 394 392 390 388 385 382 380
488 487 488 484 478 481 478 472 465 459 454 451 448 446 445 444 444 446 449 451 450 448 446 446 446 445 443 443 441 440 439 438 437 436 436 435 435 436 437 438 439 440 440 440 441 441 441 442 442 440 439 438 439 439 439 440 441 440 439 439 438 437 436 435 435 435 433 433 433 430 430 432 426 423 420 418 416 414 412 410 407 405 402 400 401 399 397 395 392 390 388 386
487 487 487 486 479 481 478 471 464 460 454 451 448 445 444 443 443 445 447 450 449 447 445 445 445 445 443 442 441 440 438 438 436 435 436 435 435 435 436 438 439 439 440 441 441 442 442 441 441 440 439 438 438 439 440 441 440 440 440 440 438 438 437 436 436 435 435 434 434 431 434 437 432 429 427 424 423 420 419 418 417 415 412 409 406 404 402 400 398 395 393 391
484 485 485 485 476 476 476 471 465 460 455 451 448 444 443 442 441 444 446 446 446 444 443 442 443 443 442 442 441 440 438 438 436 435 435 435 434 436 437 438 439 439 439 440 441 441 441 441 442 441 440 438 439 440 439 440 440 439 439 437 437 435 435 434 433 432 431 432 432 430 432 437 434 433 431 430 428 427 426 425 424 423 419 417 414 409 407 404 402 401 399 397
480 479 479 479 472 470 474 470 465 461 455 450 447 443 442 441 439 441 443 443 442 440 439 439 440 440 439 440 439 439 438 437 436 435 435 434 435 435 436 438 438 439 440 440 441 441 442 442 442 441 440 439 439 439 439 439 439 437 437 436 434 433 432 430 428 425 425 425 426 424 427 431 430 430 431 431 430 430 429 429 428 427 424 423 420 415 413 410 407 405 403 402
473 474 473 472 468 466 472 468 465 460 454 449 446 442 441 439 438 439 439 440 439 437 435 434 435 436 435 436 436 436 435 435 436 435 435 434 435 435 436 437 438 439 440 441 441 442 442 441 442 441 440 439 439 439 439 438 437 437 435 433 432 430 429 425 421 419 417 416 416 414 416 423 423 424 425 427 427 428 428 429 430 427 427 427 424 421 418 415 413 411 409 407
469 468 467 468 465 461 467 466 463 458 453 448 445 442 440 438 436 436 438 437 436 433 431 429 430 431 430 431 431 432 432 432 433 434 434 434 434 435 436 438 439 439 439 440 441 441 442 442 442 442 440 439 439 439 437 437 436 435 433 432 430 428 424 420 415 412 410 408 406 403 406 413 414 416 418 419 421 423 424 426 426 426 424 427 426 425 423 421 419 417 415 413
464 463 463 462 461 455 459 461 459 454 450 447 444 441 439 437 435 434 434 434 431 429 425 423 424 425 425 427 427 427 428 428 429 429 431 433 434 435 436 437 438 439 440 440 441 441 441 441 441 441 440 440 439 437 437 436 434 434 431 430 428 424 419 414 410 406 403 401 399 397 399 405 406 408 410 413 414 417 418 420 422 422 421 425 423 424 423 423 421 419 418 416
460 459 459 459 459 452 454 457 454 451 449 446 443 440 437 435 433 431 430 429 427 424 420 418 418 420 421 423 423 423 424 424 425 426 428 430 433 434 437 437 438 439 440 440 441 441 440 441 441 441 440 439 437 437 435 435 433 432 429 428 423 418 413 408 404 400 397 395 394 392 396 401 401 403 405 407 410 412 414 416 418 418 419 422 421 420 419 419 416 414 413 412
457 458 457 457 458 452 452 456 453 451 448 445 442 439 435 433 430 428 426 424 422 418 414 414 414 416 417 419 418 418 420 420 422 422 424 426 429 433 436 438 439 438 439 440 440 439 440 439 439 440 439 438 437 435 435 433 432 431 428 423 418 412 408 403 399 393 391 390 390 388 391 397 397 399 401 402 404 406 409 411 413 415 415 420 417 417 417 417 413 410 408 407
457 456 457 457 457 453 451 455 453 450 447 444 440 437 434 430 428 425 422 419 415 412 409 410 411 412 413 415 414 414 416 416 417 418 420 422 425 430 434 436 438 439 439 439 438 439 438 438 438 438 437 435 435 434 433 433 431 429 425 420 412 406 401 395 388 385 384 384 385 384 386 391 393 394 397 398 400 402 404 406 409 409 411 416 414 414 414 414 413 411 409 405
456 456 456 455 456 454 449 454 453 449 446 442 439 435 433 428 426 422 419 415 411 409 407 407 408 409 410 411 411 411 412 413 414 416 418 419 422 425 430 435 437 437 437 437 437 437 437 436 436 435 435 434 434 433 432 431 430 427 423 416 407 401 392 386 381 378 377 376 377 376 380 386 386 388 390 393 394 397 399 402 403 405 406 411 411 412 412 412 412 411 408 404
456 455 456 455 455 455 449 452 452 449 445 441 437 433 431 427 425 419 415 412 409 407 404 402 403 403 405 407 408 408 409 410 411 413 414 416 420 423 427 432 436 435 435 435 435 435 435 434 434 434 434 433 432 432 431 431 430 427 421 413 403 394 386 381 377 374 371 371 371 371 373 379 378 380 383 386 388 391 393 396 398 400 402 408 408 409 410 410 410 408 405 402
455 455 454 454 455 455 449 451 451 448 444 440 435 433 430 426 423 417 414 411 409 406 403 399 397 396 396 400 403 404 406 407 408 410 411 414 416 421 423 428 433 434 433 434 433 433 433 432 432 432 432 431 431 431 432 431 430 426 421 411 398 391 384 379 374 371 369 367 367 365 369 373 373 374 377 380 383 387 389 392 395 397 399 403 405 406 407 406 405 404 402 400
454 454 454 454 454 455 449 448 451 447 444 440 435 432 428 425 421 416 412 410 409 406 402 396 394 391 389 392 395 399 403 404 405 407 409 411 415 418 421 425 430 432 431 432 432 431 431 430 430 430 431 430 429 430 431 430 429 426 421 409 398 389 383 377 373 369 366 363 362 361 363 368 368 370 372 374 378 381 385 387 391 392 397 398 401 402 403 402 399 397 398 398
453 454 453 454 454 454 450 447 450 448 443 439 435 430 427 423 419 415 412 410 408 405 401 395 391 387 385 386 387 392 398 400 402 404 407 410 413 416 420 422 427 430 429 429 430 429 428 428 428 428 428 429 429 429 429 430 429 425 421 413 400 391 384 377 371 368 364 361 359 357 360 364 365 365 367 369 371 375 378 382 385 387 393 393 395 397 398 398 396 394 394 392
453 453 453 453 453 454 451 447 451 448 445 439 434 428 424 420 416 413 411 410 408 405 401 394 388 383 381 381 382 386 392 396 400 402 405 408 412 414 417 420 424 427 428 428 427 427 427 426 427 427 427 427 426 427 428 427 426 425 422 415 404 393 385 376 371 367 363 360 358 357 358 362 363 364 364 366 368 370 373 377 379 383 389 388 390 392 395 393 392 390 389 388
452 453 452 453 453 454 453 448 450 448 445 440 432 427 421 417 414 411 409 408 408 405 402 394 387 381 378 378 378 382 387 392 396 400 403 406 409 412 416 419 423 425 426 426 425 425 423 423 423 424 424 425 424 425 425 425 423 423 421 418 408 397 387 377 371 368 363 360 358 356 358 362 361 362 364 364 366 367 370 372 374 377 383 382 384 386 387 387 387 386 384 383
452 452 453 453 454 453 453 448 448 449 444 438 431 424 419 415 411 409 407 407 407 405 401 392 385 380 377 377 377 379 383 389 393 398 403 405 408 411 415 418 421 424 423 422 421 421 421 419 419 421 422 423 423 422 422 422 422 421 421 418 411 403 392 381 373 368 365 361 358 356 358 361 361 361 362 363 365 366 368 370 371 372 378 377 378 379 380 380 380 381 380 379
452 452 452 453 453 452 453 448 447 448 443 435 427 421 416 412 409 407 405 405 405 403 398 390 383 379 377 377 377 378 381 387 391 396 401 404 408 411 414 418 421 422 421 419 418 417 417 415 416 417 419 420 420 420 419 420 420 420 419 417 411 405 397 386 377 371 366 362 358 356 359 361 361 361 361 362 363 364 366 368 369 370 375 373 373 374 375 375 374 373 373 373
451 451 451 451 452 451 451 448 444 444 439 432 424 418 414 410 407 405 403 403 403 400 393 387 381 379 378 376 377 378 380 385 389 395 400 404 408 411 415 419 420 420 417 415 415 414 413 413 413 415 418 419 419 418 418 417 418 417 414 411 407 404 397 390 381 376 369 364 360 357 359 362 360 361 361 361 361 362 364 365 366 366 370 369 369 369 369 369 368 367 367 367
449 449 448 449 448 447 447 445 439 439 434 427 421 416 411 407 405 402 400 399 398 394 389 384 379 377 376 376 377 378 381 384 388 393 399 404 408 413 416 419 418 415 414 411 411 410 411 410 412 413 416 418 419 417 414 411 407 404 403 403 402 399 395 390 384 378 373 367 363 360 361 362 361 360 360 361 361 362 363 364 363 362 367 366 366 365 364 362 361 361 361 362
445 445 443 442 442 441 440 438 431 431 427 422 417 412 408 404 401 398 395 393 392 389 385 380 377 375 375 375 377 378 381 385 389 393 398 404 408 414 416 417 414 412 409 407 406 405 406 408 409 411 414 416 416 414 410 404 399 397 396 395 394 393 389 386 382 379 373 369 365 361 362 362 360 360 359 359 360 361 361 362 361 361 364 361 359 358 357 355 355 355 355 357
440 438 436 436 434 434 433 431 425 423 421 417 412 408 404 399 396 392 389 388 387 384 381 377 374 373 374 374 377 380 382 386 389 393 399 404 411 416 416 415 411 407 403 401 400 401 402 405 407 409 410 411 411 408 405 400 395 393 390 388 385 380 381 380 379 374 370 366 365 362 363 363 360 359 359 359 360 360 361 360 359 360 358 354 352 351 349 348 347 349 351 352
433 433 431 429 428 426 424 422 416 414 415 410 407 403 398 394 390 386 384 383 382 380 376 372 371 370 372 374 377 381 383 387 390 394 399 406 413 416 413 411 407 403 400 398 397 398 399 402 404 406 408 408 407 404 399 393 388 385 383 380 375 372 372 373 370 367 363 363 362 360 360 361 359 359 358 358 359 359 359 358 355 354 349 346 345 345 344 343 342 343 345 345
426 425 424 422 419 417 414 412 408 405 407 403 400 395 390 387 383 380 377 375 373 371 369 367 367 368 371 374 378 382 384 388 391 395 401 408 413 413 410 406 402 398 396 394 394 395 396 399 401 404 405 405 403 398 392 386 382 378 375 371 369 366 364 363 360 359 358 358 358 356 358 358 357 357 357 357 358 358 357 353 347 348 344 342 340 339 339 338 338 339 340 340
417 416 413 410 409 406 404 402 400 395 397 394 390 386 382 378 375 371 366 362 362 362 361 361 363 366 370 375 379 383 386 389 392 396 402 410 413 411 407 403 399 395 392 390 391 392 395 396 399 400 402 401 399 393 387 382 377 373 369 366 362 358 357 354 353 352 353 354 353 352 354 355 356 355 356 357 357 357 354 347 341 343 339 337 335 335 334 334 332 332 333 333
407 405 403 401 399 398 396 394 392 387 389 387 383 378 374 368 364 360 355 351 351 353 354 357 360 364 369 375 380 385 388 389 393 396 405 410 411 408 404 399 394 389 386 387 387 389 391 393 395 396 397 397 394 391 384 379 374 370 366 361 358 353 350 348 347 348 348 349 349 349 351 354 353 354 354 354 355 354 350 344 339 340 334 332 330 329 328 327 326 326 327 326
399 399 397 395 393 391 389 387 385 380 380 378 374 368 363 358 354 351 347 344 344 347 349 352 357 363 369 374 381 386 389 391 394 398 406 410 410 406 401 394 387 385 383 383 384 386 387 389 391 392 393 394 392 388 383 378 373 368 364 360 355 350 347 345 345 344 345 345 347 345 348 350 350 350 351 352 351 350 347 343 336 336 331 328 325 324 322 320 320 320 320 320
393 391 389 386 384 382 380 377 376 370 369 368 363 359 354 350 346 343 340 338 339 341 345 349 354 362 368 374 382 387 391 392 396 399 406 409 409 403 395 387 383 382 379 380 380 382 384 385 387 388 390 390 388 385 381 377 373 367 363 358 353 348 345 344 343 343 342 343 342 341 343 345 346 346 347 347 347 347 345 340 333 333 326 323 321 319 318 317 316 315 314 313
382 380 376 373 370 369 368 365 363 360 357 359 356 352 348 344 341 337 334 332 333 337 342 348 353 362 368 375 382 389 392 394 398 401 406 408 405 397 390 384 380 377 376 376 377 378 379 381 382 384 385 386 385 382 379 376 371 367 362 358 353 347 345 343 342 340 340 339 339 337 339 341 341 342 343 343 343 342 340 336 331 329 322 319 317 315 314 313 311 310 308 307
370 366 364 361 360 358 357 356 354 352 349 353 352 348 344 339 334 331 329 327 330 334 339 347 352 361 368 375 383 390 393 396 400 402 405 407 403 395 387 381 377 373 372 373 373 374 374 376 379 379 381 381 380 379 376 373 370 365 362 356 352 348 345 343 340 339 338 337 335 334 336 337 338 338 338 338 337 336 333 331 325 323 317 315 314 313 311 309 306 303 301 299
361 358 355 354 353 351 348 346 344 344 341 343 343 339 335 331 328 325 324 324 327 331 337 345 352 360 367 375 383 390 394 397 402 403 405 405 402 394 386 380 374 372 369 369 370 369 370 371 373 375 376 376 377 375 373 369 366 362 359 355 352 348 345 342 340 337 337 335 334 332 334 334 334 334 333 332 330 328 326 324 320 317 313 311 310 308 307 303 300 297 294 291
355 351 350 347 344 339 336 334 332 331 329 330 331 328 326 324 321 320 320 321 323 329 335 342 351 358 366 373 381 388 393 397 402 404 404 404 402 395 387 381 374 370 368 366 365 365 364 365 366 367 369 369 369 369 366 364 362 358 353 352 350 349 344 340 339 336 335 334 332 330 332 332 331 330 329 326 324 321 319 315 315 311 308 307 305 303 300 295 292 289 287 284
348 346 344 341 335 330 325 322 322 321 319 318 321 319 320 318 315 315 315 316 319 326 333 340 349 357 365 372 378 384 390 395 400 403 403 403 401 397 389 382 375 370 367 363 361 360 359 358 359 360 361 361 362 362 360 357 353 349 347 347 347 346 342 340 337 336 333 332 330 329 330 329 329 327 325 323 319 316 311 306 309 303 302 300 298 295 291 287 284 282 278 275
343 341 339 335 329 324 319 317 316 315 313 311 314 313 311 310 309 309 310 312 316 322 330 338 346 355 364 371 376 380 385 391 397 402 402 400 400 397 392 383 376 370 366 363 359 356 354 352 351 352 353 354 355 354 352 348 344 343 341 342 342 341 340 338 337 334 333 331 329 326 327 328 326 324 321 319 315 310 305 300 301 298 296 293 289 283 280 277 275 272 270 268
339 337 333 329 324 319 316 313 313 312 310 307 309 306 303 301 301 302 304 308 312 320 328 337 344 352 362 370 374 377 382 389 395 399 399 398 397 397 393 384 376 372 366 362 357 354 349 347 346 346 347 347 348 347 343 339 337 336 336 336 337 337 336 337 335 333 331 330 327 325 326 325 324 321 319 316 312 305 300 293 296 290 286 281 277 273 271 268 266 263 260 259
334 332 328 323 319 314 312 310 307 306 306 302 304 302 299 297 296 297 299 303 309 317 326 335 342 350 360 369 373 376 380 388 394 395 397 396 395 395 392 384 378 372 367 361 356 351 347 343 342 342 341 340 339 337 333 329 328 328 328 330 330 332 333 333 333 331 330 328 326 323 324 322 320 318 315 312 308 301 294 287 288 281 276 270 267 264 261 258 255 254 252 250
329 326 321 317 313 310 305 301 300 299 299 297 299 298 297 295 294 294 295 299 304 314 324 333 341 348 358 367 373 375 379 388 394 394 395 394 394 393 392 386 380 375 368 361 356 351 346 342 339 337 336 334 331 327 321 319 318 318 320 320 323 326 327 329 329 329 328 327 324 321 322 320 317 315 313 308 303 297 290 281 281 272 268 263 259 255 252 249 247 245 243 242
321 318 314 309 306 300 296 293 290 291 292 291 293 295 295 292 291 291 292 295 302 312 321 330 339 347 355 364 370 375 380 388 393 393 393 393 392 390 389 387 383 378 370 363 356 351 346 340 336 334 332 329 324 319 314 311 308 309 310 313 315 319 323 325 327 327 327 326 323 319 319 317 315 311 309 305 301 295 286 276 275 268 262 256 251 247 245 243 241 239 238 235
310 307 306 303 297 292 287 284 281 280 280 281 281 285 288 289 289 288 289 292 299 309 319 327 337 345 353 362 369 375 381 387 391 392 391 390 389 387 386 386 384 381 373 364 358 352 346 340 334 331 329 324 319 316 311 306 304 303 305 306 310 315 319 323 325 327 327 326 322 318 316 314 311 308 305 301 297 292 282 274 272 265 258 251 247 244 241 239 237 234 232 230
