wa1539_elv.txt
ncols         965
nrows         651
xllcorner     438613.91613095
yllcorner     5306059.5705885
cellsize      10
NODATA_value  -9999
[rows 38 to 75 of 651, columns 85 to 169 of 965]
1196 1190 1188 1187 1186 1186 1186 1186 1187 1188 1190 1192 1195 1198 1201 1203 1203 1205 1208 1215 1225 1235 1245 1256 1266 1275 1282 1288 1294 1299 1302 1305 1308 1310 1313 1315 1317 1319 1321 1323 1324 1325 1326 1327 1328 1330 1330 1331 1331 1331 1332 1332 1332 1332 1332 1332 1332 1332 1332 1332 1332 1331 1331 1331 1330 1330 1330 1330 1330 1331 1332 1334 1335 1337 1338 1341 1344 1348 1353 1357 1361 1365 1368 1371 1374
1187 1183 1181 1180 1179 1179 1179 1179 1180 1180 1182 1184 1187 1189 1191 1194 1196 1198 1202 1209 1220 1231 1242 1252 1263 1270 1276 1281 1287 1293 1296 1300 1302 1304 1307 1309 1312 1314 1316 1318 1320 1320 1322 1322 1323 1324 1325 1325 1326 1326 1326 1326 1326 1326 1326 1326 1327 1327 1327 1326 1326 1326 1325 1325 1325 1324 1324 1324 1325 1326 1327 1329 1330 1332 1334 1336 1339 1343 1347 1353 1358 1361 1365 1368 1370
1180 1177 1175 1174 1173 1173 1173 1173 1173 1173 1174 1178 1180 1182 1184 1187 1190 1193 1197 1204 1216 1228 1239 1250 1260 1266 1272 1275 1280 1285 1289 1293 1296 1298 1301 1303 1306 1308 1310 1313 1314 1315 1317 1317 1318 1319 1319 1320 1320 1320 1320 1320 1320 1321 1321 1322 1322 1322 1322 1321 1321 1321 1320 1320 1320 1319 1319 1319 1320 1321 1322 1323 1325 1327 1329 1332 1335 1338 1342 1347 1353 1358 1361 1364 1367
1174 1172 1170 1168 1166 1166 1167 1167 1166 1166 1168 1172 1175 1177 1179 1182 1185 1188 1192 1198 1210 1224 1236 1247 1256 1263 1267 1270 1273 1277 1281 1285 1289 1292 1294 1297 1300 1302 1305 1307 1308 1310 1312 1312 1313 1313 1313 1313 1313 1313 1313 1314 1314 1315 1316 1316 1316 1317 1317 1317 1317 1316 1316 1315 1315 1314 1313 1314 1314 1315 1316 1317 1319 1321 1324 1327 1330 1333 1337 1342 1347 1354 1358 1361 1363
1169 1167 1164 1162 1160 1159 1161 1161 1159 1159 1162 1166 1169 1172 1174 1177 1180 1184 1188 1194 1203 1219 1232 1243 1253 1258 1263 1266 1267 1270 1272 1276 1280 1284 1288 1291 1294 1296 1299 1300 1302 1304 1305 1306 1306 1306 1307 1307 1307 1306 1307 1307 1308 1309 1310 1310 1311 1311 1312 1312 1312 1312 1311 1310 1309 1308 1307 1308 1308 1309 1310 1312 1313 1315 1318 1322 1325 1328 1333 1336 1342 1348 1354 1358 1361
1164 1162 1160 1156 1153 1152 1154 1154 1152 1152 1156 1159 1161 1165 1168 1172 1176 1180 1184 1189 1198 1214 1227 1238 1248 1255 1258 1260 1262 1262 1264 1268 1272 1277 1281 1285 1288 1290 1292 1294 1295 1297 1298 1298 1298 1298 1299 1299 1300 1300 1300 1300 1301 1302 1302 1304 1304 1305 1305 1305 1305 1305 1303 1302 1300 1299 1299 1300 1301 1302 1303 1305 1307 1310 1312 1316 1319 1323 1327 1331 1337 1341 1348 1354 1358
1159 1157 1154 1150 1146 1145 1146 1145 1144 1146 1149 1152 1154 1158 1163 1167 1172 1177 1181 1186 1195 1208 1222 1233 1244 1251 1254 1255 1256 1257 1258 1261 1264 1269 1274 1279 1282 1284 1286 1288 1289 1290 1290 1290 1291 1292 1292 1292 1292 1293 1293 1293 1293 1294 1295 1296 1297 1298 1298 1299 1299 1298 1295 1293 1291 1290 1290 1291 1293 1294 1297 1299 1302 1304 1307 1310 1313 1318 1322 1326 1331 1336 1342 1349 1355
1153 1151 1148 1143 1138 1137 1138 1138 1138 1140 1143 1145 1147 1151 1157 1162 1167 1173 1178 1184 1192 1202 1216 1228 1237 1244 1248 1249 1250 1250 1252 1255 1258 1261 1267 1271 1274 1277 1279 1282 1282 1283 1283 1284 1284 1285 1285 1285 1285 1286 1286 1286 1287 1287 1288 1289 1290 1290 1290 1289 1288 1286 1284 1283 1282 1282 1282 1283 1284 1286 1289 1292 1295 1298 1301 1304 1308 1311 1316 1320 1326 1331 1336 1343 1349
1147 1145 1141 1135 1130 1129 1131 1131 1132 1134 1137 1139 1141 1144 1150 1157 1162 1168 1174 1181 1189 1198 1211 1221 1229 1235 1238 1239 1241 1242 1244 1247 1252 1256 1259 1263 1266 1268 1270 1272 1273 1275 1275 1275 1276 1276 1277 1277 1278 1278 1278 1279 1279 1280 1281 1281 1281 1280 1279 1278 1276 1273 1271 1271 1270 1270 1271 1273 1275 1278 1281 1284 1287 1290 1294 1298 1301 1305 1309 1314 1320 1325 1332 1337 1343
1139 1136 1131 1126 1122 1122 1123 1123 1125 1129 1131 1133 1135 1138 1143 1150 1157 1163 1170 1178 1185 1194 1205 1214 1222 1226 1227 1230 1231 1233 1234 1237 1242 1248 1253 1256 1259 1261 1263 1264 1265 1265 1266 1266 1266 1267 1267 1267 1268 1269 1269 1270 1270 1271 1271 1271 1270 1270 1268 1267 1265 1263 1263 1263 1263 1263 1263 1265 1267 1269 1273 1276 1279 1282 1285 1290 1294 1298 1302 1307 1313 1319 1326 1332 1337
1129 1125 1121 1118 1116 1115 1115 1116 1118 1121 1124 1126 1129 1133 1138 1144 1151 1158 1166 1174 1182 1191 1199 1207 1213 1217 1220 1221 1222 1222 1223 1225 1230 1237 1244 1249 1253 1255 1257 1258 1259 1259 1260 1260 1260 1260 1260 1261 1261 1261 1261 1261 1261 1261 1261 1261 1261 1260 1259 1258 1257 1256 1256 1256 1256 1257 1259 1259 1261 1263 1265 1267 1270 1273 1277 1281 1285 1290 1295 1300 1306 1313 1320 1326 1332
1120 1116 1113 1111 1109 1108 1108 1108 1110 1113 1117 1120 1124 1128 1133 1138 1145 1153 1161 1170 1179 1187 1194 1200 1205 1209 1212 1213 1214 1214 1214 1215 1221 1228 1235 1241 1245 1249 1252 1253 1254 1255 1255 1255 1255 1255 1255 1256 1255 1255 1254 1253 1252 1251 1251 1250 1250 1250 1251 1251 1251 1250 1249 1250 1252 1253 1255 1255 1256 1258 1258 1260 1262 1265 1268 1272 1276 1281 1287 1291 1297 1305 1312 1320 1327
1112 1108 1105 1104 1102 1101 1102 1102 1104 1107 1110 1114 1118 1122 1127 1132 1139 1147 1156 1165 1175 1183 1189 1194 1198 1202 1205 1207 1207 1207 1207 1208 1212 1220 1227 1232 1238 1242 1244 1247 1249 1250 1250 1251 1251 1251 1251 1250 1248 1246 1244 1241 1239 1239 1239 1240 1241 1241 1241 1240 1238 1237 1238 1240 1244 1247 1250 1251 1252 1253 1253 1253 1255 1258 1261 1264 1267 1272 1277 1282 1288 1295 1303 1313 1321
1103 1100 1097 1094 1092 1092 1093 1094 1097 1101 1104 1108 1111 1116 1121 1126 1133 1141 1149 1159 1169 1176 1182 1186 1191 1194 1197 1198 1198 1196 1194 1195 1202 1210 1220 1226 1230 1233 1237 1239 1241 1242 1243 1244 1244 1244 1243 1241 1239 1235 1232 1229 1227 1227 1229 1230 1231 1232 1230 1228 1226 1226 1228 1231 1234 1238 1241 1244 1246 1246 1245 1246 1248 1252 1256 1258 1260 1264 1268 1273 1278 1284 1293 1303 1313
1094 1091 1088 1084 1081 1081 1084 1086 1090 1095 1098 1102 1105 1110 1115 1121 1126 1134 1143 1152 1160 1167 1173 1178 1181 1185 1186 1187 1184 1181 1181 1184 1191 1199 1207 1215 1222 1226 1229 1230 1232 1234 1235 1235 1236 1235 1235 1232 1230 1226 1220 1217 1217 1217 1219 1220 1221 1221 1220 1218 1216 1218 1220 1223 1226 1229 1233 1236 1237 1237 1236 1238 1241 1246 1250 1254 1256 1258 1261 1265 1269 1275 1282 1293 1304
1085 1082 1079 1075 1071 1072 1075 1078 1082 1087 1092 1095 1098 1103 1109 1115 1121 1126 1135 1143 1150 1157 1162 1167 1171 1173 1174 1173 1170 1167 1169 1176 1182 1189 1196 1203 1211 1217 1221 1224 1225 1227 1227 1228 1228 1228 1227 1225 1222 1215 1209 1207 1207 1208 1210 1211 1212 1212 1210 1209 1208 1210 1213 1216 1219 1222 1225 1227 1227 1226 1227 1230 1235 1240 1244 1248 1251 1253 1255 1257 1261 1267 1274 1283 1295
1076 1074 1071 1067 1064 1066 1068 1069 1073 1080 1085 1088 1092 1095 1102 1108 1115 1120 1126 1133 1141 1147 1152 1156 1160 1162 1162 1161 1159 1157 1157 1163 1173 1181 1187 1193 1198 1203 1207 1211 1215 1219 1220 1221 1221 1221 1220 1217 1211 1205 1200 1198 1199 1200 1201 1202 1202 1202 1200 1199 1200 1202 1204 1208 1212 1215 1218 1219 1218 1218 1220 1225 1229 1233 1236 1239 1242 1245 1247 1249 1253 1258 1266 1274 1286
1068 1066 1063 1060 1058 1059 1061 1061 1065 1071 1078 1082 1086 1090 1094 1100 1107 1114 1120 1125 1131 1138 1143 1146 1149 1151 1152 1151 1150 1149 1149 1152 1161 1171 1178 1183 1188 1192 1195 1199 1202 1204 1206 1208 1210 1210 1208 1204 1199 1195 1192 1191 1191 1191 1192 1192 1192 1191 1190 1190 1192 1194 1196 1200 1205 1208 1209 1210 1210 1210 1213 1219 1223 1226 1228 1230 1232 1234 1236 1239 1243 1249 1257 1267 1279
1061 1059 1057 1054 1051 1053 1053 1054 1058 1064 1070 1075 1079 1083 1087 1092 1100 1107 1113 1118 1123 1129 1134 1137 1140 1141 1142 1142 1140 1140 1140 1144 1150 1158 1166 1172 1177 1181 1185 1188 1191 1193 1195 1196 1197 1197 1195 1192 1188 1186 1184 1182 1181 1181 1180 1181 1182 1181 1181 1181 1183 1186 1188 1193 1197 1199 1199 1200 1200 1202 1206 1212 1216 1220 1221 1222 1223 1223 1224 1228 1233 1240 1249 1261 1274
1054 1052 1050 1047 1044 1046 1047 1049 1052 1059 1064 1068 1072 1076 1080 1085 1091 1098 1105 1111 1116 1120 1125 1128 1131 1132 1132 1131 1131 1129 1129 1134 1141 1148 1155 1162 1167 1170 1173 1176 1179 1181 1183 1184 1184 1184 1182 1180 1177 1176 1174 1173 1172 1171 1171 1171 1172 1172 1172 1173 1174 1178 1181 1185 1188 1189 1189 1189 1190 1193 1198 1202 1207 1211 1213 1214 1214 1215 1216 1219 1225 1232 1244 1258 1270
1048 1044 1041 1038 1040 1042 1042 1043 1048 1055 1059 1062 1066 1069 1074 1078 1083 1089 1095 1102 1107 1111 1114 1117 1119 1122 1122 1122 1122 1120 1120 1124 1131 1139 1146 1153 1157 1161 1164 1166 1167 1169 1171 1171 1172 1171 1169 1169 1167 1166 1165 1164 1164 1163 1162 1162 1163 1163 1164 1165 1167 1170 1174 1177 1179 1180 1180 1181 1183 1185 1189 1193 1197 1200 1202 1204 1205 1208 1211 1215 1221 1230 1243 1257 1268
1041 1036 1033 1031 1034 1037 1037 1036 1041 1050 1055 1058 1061 1064 1067 1071 1076 1080 1085 1092 1098 1102 1105 1108 1109 1111 1113 1114 1114 1112 1112 1114 1122 1129 1137 1143 1148 1153 1156 1157 1158 1159 1160 1161 1160 1160 1159 1159 1158 1158 1158 1157 1157 1156 1155 1155 1155 1155 1156 1157 1159 1162 1166 1169 1171 1172 1173 1174 1177 1179 1182 1185 1188 1190 1191 1194 1198 1204 1210 1215 1221 1231 1245 1257 1266
1033 1028 1025 1024 1027 1029 1031 1032 1037 1044 1051 1055 1058 1060 1062 1066 1070 1073 1078 1083 1087 1093 1097 1100 1102 1103 1104 1104 1104 1103 1104 1107 1114 1121 1129 1135 1141 1146 1149 1150 1151 1152 1153 1153 1153 1153 1153 1152 1152 1152 1151 1151 1150 1150 1149 1148 1148 1148 1148 1149 1151 1154 1157 1161 1163 1165 1166 1168 1171 1174 1176 1178 1180 1182 1184 1188 1194 1203 1211 1217 1224 1233 1247 1257 1263
1026 1022 1019 1019 1021 1023 1023 1027 1033 1040 1045 1050 1053 1056 1059 1062 1065 1068 1072 1075 1079 1083 1087 1091 1093 1095 1096 1095 1096 1096 1097 1101 1108 1114 1121 1127 1133 1138 1141 1144 1146 1147 1147 1148 1148 1148 1147 1147 1146 1146 1145 1144 1144 1143 1142 1142 1141 1141 1141 1142 1143 1146 1149 1152 1156 1158 1160 1162 1164 1166 1168 1170 1173 1176 1181 1186 1194 1205 1214 1221 1227 1235 1248 1255 1260
1020 1016 1014 1014 1016 1018 1020 1024 1030 1035 1040 1044 1048 1051 1054 1056 1059 1062 1066 1070 1073 1076 1079 1082 1084 1087 1087 1087 1088 1089 1092 1096 1102 1108 1115 1120 1125 1129 1132 1136 1139 1141 1141 1142 1143 1142 1141 1140 1139 1138 1138 1137 1136 1135 1135 1134 1134 1134 1134 1135 1136 1139 1141 1144 1148 1151 1153 1154 1156 1157 1159 1163 1168 1173 1179 1187 1197 1207 1217 1223 1228 1235 1244 1251 1256
1014 1010 1008 1009 1011 1013 1016 1021 1026 1031 1035 1039 1042 1045 1048 1050 1053 1055 1059 1063 1067 1069 1072 1075 1078 1080 1081 1081 1082 1084 1088 1093 1097 1102 1108 1114 1119 1121 1124 1127 1130 1131 1133 1134 1134 1134 1133 1132 1131 1130 1129 1128 1127 1126 1127 1127 1127 1127 1128 1129 1130 1132 1135 1137 1140 1142 1144 1145 1145 1145 1151 1158 1165 1171 1179 1188 1199 1209 1218 1223 1227 1232 1239 1245 1249
1009 1005 1001 1003 1006 1007 1012 1017 1021 1026 1030 1033 1036 1039 1042 1044 1047 1048 1051 1055 1058 1062 1065 1068 1072 1074 1076 1077 1079 1082 1086 1090 1094 1098 1103 1108 1112 1115 1118 1120 1122 1123 1124 1125 1125 1126 1125 1124 1123 1122 1121 1119 1119 1119 1119 1120 1120 1121 1122 1123 1124 1126 1128 1130 1132 1134 1133 1133 1132 1134 1144 1156 1164 1171 1178 1187 1197 1207 1216 1221 1225 1228 1233 1236 1241
1002 997 994 995 997 1002 1008 1013 1017 1022 1026 1028 1031 1034 1036 1038 1040 1042 1044 1047 1051 1055 1058 1062 1066 1069 1072 1074 1076 1080 1084 1087 1091 1094 1098 1103 1107 1109 1112 1115 1116 1117 1118 1118 1119 1119 1118 1118 1116 1115 1113 1112 1111 1111 1112 1113 1114 1115 1116 1117 1118 1119 1121 1123 1124 1123 1121 1120 1124 1131 1143 1155 1164 1171 1178 1186 1194 1203 1210 1216 1220 1223 1226 1229 1232
995 990 988 989 991 997 1005 1010 1014 1018 1021 1023 1026 1028 1031 1033 1035 1036 1037 1039 1043 1047 1051 1056 1060 1065 1069 1071 1074 1078 1082 1085 1088 1092 1094 1098 1101 1104 1106 1109 1110 1111 1112 1112 1112 1112 1111 1110 1109 1107 1105 1104 1103 1105 1105 1107 1108 1109 1110 1111 1111 1112 1113 1114 1113 1111 1112 1115 1123 1133 1143 1153 1161 1169 1176 1183 1189 1197 1204 1209 1213 1216 1219 1222 1225
989 984 982 983 986 992 1001 1008 1012 1014 1017 1019 1021 1024 1025 1028 1029 1031 1033 1034 1036 1040 1044 1049 1055 1060 1065 1068 1071 1075 1079 1083 1086 1089 1091 1094 1096 1098 1101 1103 1103 1105 1105 1105 1105 1104 1103 1102 1100 1099 1097 1097 1097 1098 1100 1101 1103 1103 1104 1104 1104 1105 1106 1105 1102 1103 1108 1114 1122 1132 1140 1149 1158 1165 1173 1179 1184 1190 1196 1201 1205 1208 1212 1216 1219
983 978 976 978 983 989 997 1004 1009 1012 1014 1016 1018 1019 1021 1023 1025 1027 1028 1030 1033 1035 1039 1043 1049 1053 1059 1064 1068 1071 1075 1080 1083 1086 1088 1090 1092 1094 1096 1097 1098 1098 1099 1099 1098 1097 1096 1095 1094 1093 1093 1093 1093 1094 1095 1096 1097 1097 1098 1098 1098 1097 1096 1095 1096 1101 1106 1113 1121 1129 1137 1145 1153 1159 1168 1174 1180 1184 1188 1193 1197 1200 1203 1206 1210
977 973 972 973 979 985 992 1000 1006 1009 1011 1013 1015 1016 1018 1019 1021 1022 1025 1027 1029 1032 1035 1038 1043 1048 1053 1058 1063 1067 1071 1076 1079 1082 1085 1087 1088 1090 1092 1092 1093 1093 1093 1093 1093 1092 1092 1091 1091 1090 1090 1089 1090 1090 1090 1091 1091 1091 1091 1090 1090 1087 1085 1088 1094 1099 1105 1112 1119 1127 1134 1141 1147 1154 1161 1167 1174 1178 1182 1185 1189 1192 1195 1198 1201
971 968 967 970 976 982 988 995 1002 1006 1008 1010 1012 1013 1014 1016 1017 1019 1021 1024 1026 1029 1032 1034 1038 1043 1048 1053 1057 1063 1068 1072 1076 1079 1081 1083 1085 1086 1087 1088 1089 1089 1089 1089 1089 1088 1088 1087 1087 1087 1087 1086 1086 1086 1086 1086 1085 1084 1083 1081 1080 1076 1076 1084 1092 1098 1103 1111 1118 1124 1131 1136 1143 1149 1155 1161 1166 1171 1176 1179 1182 1185 1188 1191 1194
963 962 962 966 973 979 985 991 997 1002 1005 1007 1009 1010 1011 1012 1014 1016 1018 1021 1023 1026 1029 1031 1035 1039 1043 1048 1053 1058 1063 1068 1072 1075 1078 1080 1081 1083 1084 1084 1085 1085 1085 1085 1084 1084 1084 1084 1084 1084 1084 1083 1083 1081 1081 1079 1078 1076 1074 1072 1069 1069 1074 1083 1090 1095 1100 1109 1116 1122 1128 1133 1138 1143 1148 1154 1159 1164 1168 1171 1174 1177 1180 1183 1187
957 956 958 962 969 976 982 987 993 997 1001 1004 1005 1006 1008 1008 1010 1012 1014 1017 1020 1023 1026 1029 1032 1035 1039 1044 1049 1054 1058 1064 1068 1071 1074 1077 1078 1080 1080 1081 1081 1081 1081 1081 1080 1080 1080 1080 1079 1078 1078 1077 1075 1074 1072 1070 1068 1066 1064 1062 1060 1064 1074 1082 1088 1092 1098 1105 1113 1119 1125 1130 1135 1139 1144 1148 1152 1157 1160 1164 1167 1170 1172 1175 1176
952 952 954 958 964 972 978 983 988 993 996 999 1001 1003 1004 1005 1006 1008 1010 1013 1017 1020 1023 1026 1029 1032 1036 1040 1044 1049 1054 1059 1064 1068 1071 1073 1075 1076 1077 1077 1077 1077 1077 1077 1076 1076 1075 1074 1073 1071 1070 1068 1066 1064 1061 1058 1056 1055 1054 1052 1053 1061 1072 1081 1087 1090 1095 1101 1109 1116 1121 1127 1131 1135 1139 1142 1147 1151 1154 1157 1160 1163 1165 1167 1168
946 947 950 954 959 966 973 979 984 988 992 995 997 999 1000 1002 1003 1004 1006 1009 1013 1017 1020 1023 1026 1029 1032 1036 1040 1045 1049 1054 1059 1064 1068 1070 1072 1072 1073 1074 1074 1074 1073 1073 1072 1071 1070 1068 1066 1063 1060 1057 1054 1051 1049 1047 1046 1045 1045 1044 1050 1061 1071 1080 1085 1089 1093 1098 1104 1111 1116 1122 1127 1131 1135 1138 1142 1145 1149 1152 1155 1157 1159 1160 1161
942 942 946 950 955 960 967 974 979 984 987 990 993 995 997 998 999 1001 1003 1005 1008 1013 1016 1020 1023 1026 1029 1032 1037 1041 1045 1049 1054 1058 1062 1066 1068 1070 1070 1071 1071 1071 1070 1069 1068 1066 1063 1060 1057 1053 1049 1046 1042 1039 1038 1037 1037 1037 1037 1040 1049 1059 1069 1077 1084 1087 1090 1095 1101 1107 1112 1116 1122 1128 1131 1134 1137 1140 1144 1147 1150 1152 1153 1155 1156
