wa1539_elv.txt
ncols         965
nrows         651
xllcorner     438613.91613095
yllcorner     5306059.5705885
cellsize      10
NODATA_value  -9999
[rows 418 to 455 of 651, columns 340 to 424 of 965]
1178 1175 1173 1172 1170 1169 1170 1171 1173 1175 1178 1177 1174 1170 1166 1163 1160 1157 1154 1149 1142 1135 1129 1129 1136 1145 1151 1156 1160 1165 1170 1175 1181 1186 1191 1195 1198 1202 1207 1209 1213 1216 1220 1228 1235 1240 1246 1252 1257 1262 1268 1274 1282 1291 1299 1307 1316 1326 1336 1344 1347 1345 1340 1333 1325 1317 1309 1300 1289 1278 1268 1261 1253 1244 1234 1223 1212 1202 1196 1189 1181 1169 1157 1143 1131
1186 1184 1182 1181 1179 1178 1178 1180 1183 1188 1192 1193 1191 1186 1180 1175 1172 1169 1163 1158 1150 1141 1135 1137 1145 1153 1158 1162 1166 1171 1177 1184 1189 1193 1197 1200 1204 1207 1209 1212 1215 1218 1224 1232 1239 1244 1249 1254 1259 1264 1270 1277 1284 1293 1300 1308 1318 1329 1338 1345 1349 1347 1341 1335 1327 1318 1309 1299 1289 1279 1270 1262 1254 1245 1235 1224 1214 1204 1197 1191 1182 1172 1161 1148 1137
1194 1192 1190 1189 1187 1187 1188 1190 1196 1200 1204 1205 1204 1199 1192 1185 1181 1177 1170 1164 1157 1147 1142 1148 1156 1161 1165 1168 1172 1179 1186 1192 1195 1199 1202 1206 1208 1210 1213 1215 1218 1222 1229 1236 1242 1248 1252 1257 1262 1267 1273 1280 1288 1295 1303 1311 1321 1332 1341 1348 1351 1349 1343 1336 1328 1319 1309 1299 1290 1280 1271 1263 1255 1247 1236 1226 1215 1205 1198 1191 1183 1174 1164 1153 1143
1200 1199 1198 1198 1197 1198 1199 1203 1208 1213 1217 1217 1215 1209 1201 1193 1186 1180 1174 1168 1161 1156 1155 1159 1163 1167 1171 1175 1181 1188 1193 1197 1201 1205 1208 1211 1213 1215 1217 1218 1222 1227 1233 1240 1246 1252 1256 1260 1265 1270 1276 1283 1292 1299 1306 1314 1326 1336 1346 1352 1355 1351 1345 1338 1329 1319 1310 1299 1290 1282 1273 1264 1256 1248 1237 1227 1216 1206 1199 1192 1185 1176 1167 1157 1148
1205 1205 1205 1206 1207 1211 1213 1217 1220 1223 1226 1225 1220 1215 1207 1199 1191 1183 1176 1169 1161 1159 1162 1166 1169 1173 1178 1184 1189 1195 1198 1202 1206 1210 1213 1216 1218 1219 1222 1224 1228 1232 1239 1245 1251 1256 1260 1264 1269 1274 1280 1288 1296 1303 1310 1319 1330 1342 1353 1358 1358 1354 1347 1339 1330 1320 1311 1301 1292 1284 1275 1266 1258 1249 1238 1228 1217 1207 1199 1193 1186 1178 1170 1162 1153
1209 1209 1210 1212 1216 1220 1223 1225 1227 1227 1227 1227 1224 1218 1211 1202 1193 1184 1176 1169 1163 1164 1167 1170 1174 1179 1184 1190 1194 1198 1202 1207 1211 1216 1219 1222 1224 1226 1228 1230 1234 1239 1245 1251 1255 1259 1263 1268 1272 1278 1285 1293 1301 1307 1315 1325 1336 1350 1359 1362 1360 1356 1349 1341 1332 1322 1312 1303 1294 1285 1276 1268 1260 1251 1240 1229 1219 1208 1200 1193 1187 1180 1172 1165 1159
1209 1210 1211 1215 1218 1221 1224 1225 1227 1227 1227 1226 1224 1220 1212 1203 1193 1183 1174 1167 1166 1168 1170 1174 1178 1183 1189 1193 1197 1202 1206 1211 1216 1222 1226 1230 1232 1234 1235 1237 1241 1246 1252 1256 1259 1263 1267 1271 1277 1283 1291 1299 1305 1312 1321 1331 1343 1356 1364 1364 1362 1357 1350 1343 1334 1324 1314 1305 1296 1288 1279 1271 1263 1254 1243 1231 1221 1210 1201 1194 1188 1181 1175 1169 1163
1208 1209 1210 1212 1215 1217 1220 1222 1224 1225 1227 1226 1223 1219 1212 1204 1193 1180 1172 1168 1167 1169 1173 1177 1182 1187 1192 1196 1200 1205 1211 1217 1223 1230 1235 1238 1239 1241 1243 1246 1250 1254 1258 1261 1264 1267 1271 1275 1281 1289 1296 1304 1310 1318 1327 1338 1351 1362 1368 1368 1365 1358 1352 1345 1337 1327 1317 1307 1299 1291 1283 1274 1265 1256 1246 1234 1222 1211 1202 1195 1189 1183 1178 1172 1168
1206 1206 1207 1208 1210 1213 1215 1218 1221 1222 1223 1223 1221 1217 1211 1205 1192 1178 1171 1169 1169 1171 1174 1179 1185 1190 1195 1199 1203 1209 1215 1222 1230 1237 1242 1244 1246 1248 1251 1254 1258 1261 1264 1266 1269 1271 1275 1279 1286 1294 1302 1309 1316 1325 1334 1345 1357 1366 1372 1372 1368 1359 1353 1347 1340 1330 1319 1310 1302 1295 1287 1279 1269 1260 1249 1237 1224 1213 1203 1196 1190 1185 1180 1175 1171
1202 1203 1204 1205 1205 1206 1209 1212 1215 1217 1218 1219 1217 1214 1210 1204 1192 1178 1170 1169 1169 1171 1175 1181 1188 1193 1198 1202 1206 1212 1218 1227 1236 1243 1248 1250 1253 1256 1259 1262 1265 1268 1269 1271 1273 1276 1279 1285 1293 1301 1308 1315 1323 1332 1342 1352 1362 1371 1375 1375 1369 1361 1354 1349 1343 1333 1323 1313 1306 1299 1291 1283 1274 1264 1253 1241 1228 1215 1204 1198 1192 1187 1183 1178 1174
1198 1199 1200 1201 1201 1202 1204 1206 1210 1212 1212 1211 1210 1209 1208 1202 1191 1179 1171 1169 1169 1171 1176 1183 1190 1195 1200 1204 1209 1214 1221 1231 1242 1249 1254 1258 1262 1265 1267 1270 1271 1273 1274 1275 1277 1280 1285 1292 1301 1308 1315 1322 1331 1340 1349 1358 1367 1374 1377 1376 1371 1363 1355 1351 1346 1337 1327 1317 1310 1302 1295 1287 1278 1269 1258 1246 1232 1218 1206 1200 1194 1190 1186 1181 1177
1194 1195 1196 1197 1197 1199 1200 1202 1204 1205 1205 1204 1204 1204 1203 1198 1190 1179 1171 1169 1169 1171 1177 1184 1191 1196 1201 1206 1211 1216 1224 1236 1246 1255 1262 1267 1271 1274 1275 1277 1277 1278 1278 1280 1282 1286 1293 1300 1308 1314 1321 1329 1338 1348 1356 1365 1373 1377 1378 1377 1372 1364 1356 1352 1348 1341 1332 1322 1314 1306 1299 1292 1283 1274 1264 1252 1238 1223 1210 1202 1197 1193 1189 1185 1181
1190 1191 1192 1193 1193 1195 1196 1199 1200 1201 1200 1199 1198 1197 1195 1192 1185 1176 1170 1169 1169 1172 1177 1185 1192 1197 1203 1208 1212 1219 1227 1239 1250 1262 1270 1276 1282 1285 1285 1285 1284 1284 1284 1286 1289 1294 1301 1308 1314 1321 1329 1338 1347 1356 1363 1372 1377 1380 1380 1378 1373 1366 1359 1354 1350 1345 1337 1328 1319 1310 1304 1296 1289 1279 1269 1257 1244 1230 1216 1206 1200 1196 1193 1189 1186
1188 1188 1189 1189 1189 1190 1193 1194 1196 1197 1196 1193 1191 1189 1186 1182 1177 1173 1170 1169 1169 1171 1177 1185 1192 1198 1203 1209 1214 1220 1229 1241 1253 1265 1275 1284 1293 1297 1297 1295 1294 1292 1292 1294 1297 1303 1309 1316 1322 1330 1338 1347 1356 1363 1370 1376 1381 1384 1383 1380 1375 1368 1361 1356 1352 1347 1342 1333 1324 1315 1308 1301 1293 1285 1275 1264 1252 1238 1224 1212 1205 1201 1197 1194 1191
1186 1187 1187 1187 1187 1189 1190 1192 1193 1193 1192 1189 1185 1180 1176 1173 1171 1170 1170 1169 1169 1171 1176 1184 1191 1198 1204 1209 1215 1222 1230 1241 1253 1265 1276 1286 1295 1301 1305 1306 1305 1303 1303 1305 1308 1313 1318 1325 1332 1340 1349 1357 1364 1371 1376 1381 1385 1388 1386 1382 1377 1370 1364 1358 1353 1349 1345 1337 1328 1320 1313 1305 1297 1290 1281 1272 1260 1248 1234 1221 1212 1206 1202 1199 1197
1186 1186 1187 1188 1189 1191 1192 1193 1192 1192 1189 1185 1179 1174 1171 1170 1170 1170 1170 1170 1170 1171 1175 1182 1190 1196 1203 1209 1215 1223 1231 1241 1252 1263 1273 1281 1290 1297 1305 1311 1313 1313 1315 1317 1320 1324 1329 1336 1342 1350 1358 1366 1372 1378 1382 1387 1390 1391 1389 1385 1379 1373 1367 1361 1356 1352 1348 1342 1333 1324 1317 1310 1302 1295 1286 1277 1267 1257 1244 1231 1221 1214 1209 1206 1204
1186 1188 1189 1191 1192 1193 1195 1194 1192 1190 1186 1182 1176 1172 1170 1170 1170 1170 1170 1170 1170 1171 1174 1181 1189 1195 1201 1208 1215 1223 1232 1241 1251 1260 1269 1276 1283 1290 1298 1306 1312 1317 1323 1326 1328 1334 1340 1346 1353 1360 1367 1373 1379 1384 1389 1392 1396 1396 1393 1388 1382 1376 1369 1364 1359 1354 1350 1345 1338 1328 1321 1315 1308 1300 1292 1283 1273 1264 1254 1243 1232 1224 1218 1215 1213
1187 1189 1191 1194 1197 1199 1198 1196 1193 1189 1185 1180 1174 1171 1170 1170 1170 1170 1170 1170 1170 1171 1173 1179 1186 1193 1199 1206 1215 1223 1231 1239 1248 1256 1264 1270 1276 1283 1290 1296 1304 1313 1322 1329 1334 1341 1348 1353 1360 1367 1374 1381 1387 1391 1395 1398 1402 1402 1397 1391 1385 1378 1372 1367 1361 1357 1352 1348 1342 1333 1325 1319 1312 1305 1297 1289 1280 1271 1262 1253 1244 1236 1230 1226 1224
1188 1190 1194 1199 1202 1204 1203 1200 1196 1190 1185 1180 1175 1171 1170 1170 1170 1170 1170 1170 1170 1170 1172 1177 1184 1190 1197 1203 1213 1221 1230 1237 1246 1252 1259 1265 1271 1277 1283 1289 1296 1306 1316 1326 1336 1344 1351 1358 1365 1373 1380 1387 1393 1397 1401 1404 1406 1406 1401 1395 1388 1382 1375 1370 1364 1359 1355 1350 1345 1338 1329 1323 1317 1310 1303 1296 1287 1278 1270 1262 1254 1248 1242 1238 1233
1189 1192 1198 1203 1206 1207 1205 1204 1199 1193 1188 1181 1175 1171 1170 1170 1170 1170 1170 1170 1170 1170 1171 1174 1181 1188 1194 1201 1209 1218 1227 1235 1242 1249 1254 1260 1265 1272 1278 1283 1290 1299 1310 1321 1333 1342 1351 1358 1367 1376 1383 1392 1399 1403 1406 1408 1410 1409 1404 1398 1392 1386 1380 1373 1368 1362 1357 1353 1349 1343 1335 1326 1320 1315 1308 1302 1295 1287 1278 1271 1264 1258 1254 1249 1246
1191 1195 1201 1205 1208 1208 1207 1206 1202 1197 1191 1184 1176 1171 1170 1170 1170 1170 1170 1170 1170 1170 1170 1173 1178 1185 1192 1198 1206 1215 1223 1231 1238 1244 1249 1254 1260 1266 1272 1278 1285 1294 1305 1316 1328 1338 1347 1356 1367 1376 1384 1393 1402 1407 1410 1412 1414 1412 1408 1402 1396 1390 1384 1378 1372 1366 1361 1356 1352 1347 1340 1332 1325 1319 1313 1308 1302 1296 1287 1280 1275 1269 1264 1261 1258
1193 1198 1203 1207 1208 1208 1208 1207 1205 1200 1194 1187 1178 1171 1169 1170 1170 1170 1170 1170 1170 1170 1170 1172 1175 1181 1188 1195 1203 1211 1219 1227 1233 1239 1244 1249 1254 1260 1266 1271 1278 1288 1299 1311 1324 1333 1341 1351 1362 1373 1383 1392 1401 1407 1412 1416 1418 1417 1412 1406 1400 1394 1388 1383 1377 1371 1365 1359 1355 1350 1345 1339 1330 1324 1318 1314 1309 1303 1297 1291 1286 1281 1276 1273 1270
1196 1200 1204 1207 1208 1209 1209 1208 1206 1202 1197 1189 1181 1173 1170 1170 1170 1170 1170 1170 1170 1170 1170 1170 1173 1178 1184 1192 1199 1207 1215 1222 1229 1235 1240 1244 1249 1254 1260 1265 1273 1282 1293 1305 1318 1327 1335 1344 1356 1368 1379 1389 1398 1405 1412 1417 1421 1420 1417 1411 1404 1398 1392 1387 1382 1376 1370 1364 1358 1354 1350 1344 1337 1330 1324 1320 1315 1311 1306 1301 1297 1292 1289 1287 1285
1199 1202 1205 1208 1209 1210 1209 1209 1207 1204 1198 1191 1182 1175 1170 1170 1170 1170 1170 1170 1170 1170 1170 1170 1172 1175 1181 1188 1195 1203 1211 1218 1225 1231 1236 1240 1245 1249 1255 1261 1268 1276 1287 1299 1309 1318 1327 1336 1348 1361 1373 1385 1394 1402 1410 1417 1422 1423 1421 1417 1410 1402 1397 1391 1387 1381 1375 1369 1363 1358 1353 1349 1344 1338 1331 1326 1322 1319 1315 1312 1307 1303 1302 1301 1299
1202 1204 1206 1209 1209 1210 1210 1209 1208 1205 1200 1191 1182 1175 1170 1170 1170 1170 1170 1170 1170 1170 1170 1170 1171 1173 1177 1184 1191 1199 1207 1214 1221 1227 1232 1237 1241 1246 1251 1258 1265 1272 1281 1292 1302 1309 1317 1326 1339 1354 1367 1378 1389 1398 1406 1415 1421 1426 1425 1423 1416 1408 1402 1396 1391 1386 1380 1375 1369 1362 1357 1353 1349 1344 1338 1333 1330 1327 1326 1325 1323 1320 1317 1315 1313
1205 1206 1208 1210 1210 1210 1210 1210 1209 1206 1200 1190 1181 1175 1170 1170 1170 1170 1170 1170 1170 1170 1170 1170 1170 1171 1174 1180 1187 1195 1203 1210 1218 1224 1229 1234 1238 1243 1248 1255 1262 1269 1277 1286 1294 1302 1308 1317 1330 1344 1359 1371 1383 1393 1402 1412 1420 1427 1430 1428 1423 1416 1408 1401 1395 1390 1385 1380 1375 1369 1363 1357 1352 1349 1344 1340 1338 1336 1336 1336 1335 1334 1332 1330 1327
1208 1209 1210 1211 1211 1211 1210 1210 1210 1207 1199 1188 1180 1175 1170 1170 1170 1170 1170 1170 1170 1170 1170 1170 1170 1171 1172 1177 1184 1192 1200 1207 1215 1221 1227 1231 1236 1241 1246 1252 1259 1267 1274 1281 1289 1296 1302 1311 1323 1336 1351 1365 1376 1388 1398 1407 1417 1427 1433 1434 1429 1423 1415 1408 1401 1395 1389 1384 1380 1375 1370 1363 1356 1353 1350 1347 1345 1345 1346 1348 1348 1346 1344 1341 1339
1211 1211 1211 1212 1211 1211 1211 1210 1209 1206 1197 1187 1179 1174 1170 1170 1170 1170 1170 1170 1170 1170 1170 1170 1170 1170 1171 1174 1180 1188 1196 1204 1212 1219 1224 1230 1234 1239 1244 1250 1258 1266 1272 1278 1285 1291 1297 1306 1318 1329 1342 1357 1370 1382 1392 1402 1413 1424 1434 1438 1435 1429 1422 1415 1407 1401 1395 1389 1385 1380 1376 1370 1363 1358 1355 1353 1354 1356 1359 1361 1360 1359 1357 1355 1352
1214 1214 1213 1213 1212 1211 1211 1210 1208 1204 1195 1185 1178 1173 1170 1170 1170 1170 1170 1170 1170 1170 1170 1170 1170 1170 1171 1172 1177 1185 1193 1201 1209 1217 1222 1228 1233 1238 1243 1248 1256 1264 1271 1276 1282 1288 1293 1301 1313 1325 1336 1349 1363 1375 1387 1398 1408 1418 1431 1440 1438 1434 1428 1421 1414 1407 1401 1395 1389 1385 1380 1376 1371 1367 1365 1364 1367 1370 1371 1371 1370 1369 1368 1368 1367
1216 1215 1215 1213 1212 1211 1211 1209 1207 1201 1193 1183 1176 1172 1170 1170 1170 1170 1170 1170 1170 1170 1170 1170 1170 1170 1170 1172 1175 1181 1190 1198 1207 1215 1221 1227 1232 1237 1242 1248 1255 1263 1270 1275 1280 1285 1291 1297 1308 1321 1331 1342 1356 1368 1380 1392 1403 1413 1426 1437 1442 1439 1433 1427 1421 1415 1408 1402 1396 1389 1384 1381 1378 1376 1375 1375 1377 1379 1379 1378 1377 1376 1375 1376 1375
1218 1216 1216 1214 1213 1212 1210 1208 1205 1199 1191 1181 1174 1171 1170 1170 1170 1170 1170 1170 1170 1170 1170 1170 1170 1170 1170 1172 1174 1179 1187 1196 1204 1212 1220 1226 1231 1237 1242 1247 1254 1262 1268 1274 1279 1284 1289 1295 1304 1316 1326 1337 1351 1362 1372 1387 1400 1409 1419 1433 1444 1446 1440 1432 1427 1422 1417 1410 1403 1397 1391 1387 1384 1384 1383 1384 1384 1385 1385 1385 1384 1382 1380 1379 1378
1219 1217 1216 1215 1213 1211 1209 1206 1202 1197 1188 1179 1173 1171 1170 1170 1170 1170 1170 1170 1170 1170 1170 1170 1170 1170 1170 1171 1173 1178 1185 1193 1201 1210 1219 1225 1231 1237 1241 1247 1253 1260 1267 1273 1278 1283 1288 1293 1300 1311 1323 1333 1345 1357 1367 1382 1395 1405 1414 1427 1442 1451 1448 1440 1433 1428 1423 1419 1413 1406 1400 1396 1392 1391 1391 1391 1391 1391 1391 1391 1388 1386 1384 1382 1380
1220 1218 1217 1215 1212 1210 1207 1204 1200 1194 1186 1176 1172 1170 1170 1170 1170 1170 1170 1170 1170 1170 1170 1170 1170 1170 1170 1171 1173 1176 1183 1191 1199 1208 1218 1225 1231 1237 1241 1246 1252 1259 1266 1272 1277 1282 1287 1291 1297 1307 1320 1330 1341 1353 1363 1375 1390 1403 1411 1420 1435 1449 1452 1448 1441 1433 1429 1425 1421 1416 1410 1405 1402 1399 1398 1398 1397 1397 1396 1394 1391 1389 1386 1383 1381
1221 1219 1217 1215 1212 1209 1206 1202 1198 1192 1182 1174 1171 1170 1170 1170 1170 1170 1170 1170 1170 1170 1170 1170 1170 1170 1170 1171 1172 1175 1182 1190 1197 1206 1216 1224 1231 1237 1241 1246 1252 1258 1265 1271 1277 1282 1286 1290 1295 1304 1316 1328 1338 1349 1360 1370 1386 1400 1408 1416 1429 1443 1453 1454 1449 1441 1436 1431 1428 1425 1420 1416 1413 1409 1407 1405 1404 1403 1400 1398 1394 1390 1386 1383 1380
1222 1219 1217 1215 1212 1208 1205 1201 1196 1190 1179 1172 1170 1170 1170 1170 1170 1170 1170 1170 1170 1170 1170 1170 1170 1170 1170 1171 1172 1175 1180 1188 1196 1204 1214 1223 1230 1237 1241 1246 1251 1257 1264 1270 1275 1281 1285 1288 1293 1301 1312 1325 1337 1347 1356 1367 1381 1396 1406 1413 1423 1437 1451 1459 1457 1451 1444 1440 1436 1433 1431 1427 1424 1420 1417 1414 1411 1408 1404 1399 1395 1391 1387 1384 1380
1223 1220 1217 1215 1211 1208 1204 1200 1195 1188 1177 1171 1170 1170 1170 1170 1170 1170 1170 1170 1170 1170 1170 1170 1170 1170 1170 1171 1172 1174 1180 1187 1195 1203 1213 1222 1230 1236 1240 1245 1250 1256 1262 1268 1274 1279 1283 1287 1292 1299 1310 1324 1335 1345 1354 1364 1376 1391 1403 1411 1419 1432 1447 1460 1464 1459 1453 1448 1444 1441 1438 1436 1433 1429 1425 1421 1417 1412 1405 1400 1395 1391 1388 1384 1381
1225 1221 1218 1215 1212 1208 1204 1200 1194 1187 1176 1172 1170 1170 1170 1170 1170 1170 1170 1170 1170 1170 1170 1170 1170 1170 1170 1171 1172 1174 1179 1186 1194 1202 1212 1221 1229 1235 1239 1244 1249 1255 1261 1266 1272 1277 1281 1286 1290 1296 1307 1321 1334 1344 1352 1361 1372 1386 1400 1409 1417 1429 1444 1458 1465 1465 1460 1455 1450 1447 1443 1441 1438 1435 1429 1424 1420 1414 1405 1400 1396 1392 1388 1384 1382
1226 1222 1219 1216 1212 1208 1204 1200 1194 1187 1176 1172 1170 1170 1170 1170 1170 1170 1170 1170 1170 1170 1170 1170 1170 1170 1170 1170 1171 1174 1178 1185 1193 1202 1211 1220 1228 1233 1238 1243 1248 1254 1260 1265 1271 1276 1280 1285 1289 1294 1305 1319 1333 1342 1351 1359 1369 1383 1397 1408 1416 1428 1442 1454 1463 1466 1465 1462 1456 1451 1447 1442 1438 1434 1429 1424 1420 1413 1406 1400 1396 1392 1388 1385 1382
