wa1539_elv.txt
ncols         965
nrows         651
xllcorner     438613.91613095
yllcorner     5306059.5705885
cellsize      10
NODATA_value  -9999
[rows 532 to 569 of 651, columns 595 to 679 of 965]
1484 1486 1488 1490 1492 1494 1498 1502 1506 1511 1517 1522 1524 1523 1522 1520 1519 1517 1516 1513 1512 1509 1506 1503 1500 1497 1494 1493 1491 1490 1489 1488 1487 1486 1485 1484 1483 1482 1481 1481 1480 1479 1479 1478 1478 1477 1475 1474 1472 1470 1468 1467 1465 1460 1453 1448 1446 1445 1444 1442 1440 1438 1436 1432 1427 1422 1420 1420 1420 1420 1421 1420 1416 1411 1404 1400 1397 1393 1389 1385 1381 1376 1373 1370 1368
1490 1492 1493 1495 1497 1500 1504 1509 1513 1519 1524 1528 1528 1526 1524 1523 1521 1519 1517 1515 1513 1511 1507 1504 1501 1498 1495 1494 1492 1491 1490 1489 1488 1487 1486 1485 1484 1483 1483 1482 1481 1481 1480 1480 1479 1478 1477 1475 1473 1472 1470 1468 1466 1465 1460 1454 1449 1447 1446 1444 1442 1440 1438 1435 1431 1428 1425 1423 1421 1421 1420 1417 1412 1407 1401 1397 1394 1390 1386 1382 1378 1373 1371 1369 1367
1495 1497 1499 1500 1504 1507 1510 1514 1518 1524 1529 1531 1531 1530 1527 1525 1522 1521 1519 1516 1514 1512 1509 1505 1502 1499 1496 1494 1493 1492 1490 1490 1488 1488 1487 1486 1485 1484 1484 1483 1482 1482 1481 1480 1480 1480 1478 1477 1475 1473 1471 1469 1467 1466 1465 1461 1456 1451 1448 1446 1444 1442 1439 1437 1434 1431 1428 1425 1422 1420 1418 1414 1409 1404 1399 1395 1391 1387 1383 1379 1375 1372 1370 1368 1366
1498 1500 1503 1505 1509 1511 1514 1518 1522 1527 1531 1534 1535 1534 1532 1529 1525 1523 1520 1518 1515 1512 1510 1507 1504 1500 1497 1495 1493 1492 1491 1491 1489 1489 1488 1487 1486 1485 1485 1484 1483 1482 1482 1481 1481 1480 1479 1478 1476 1474 1472 1470 1468 1467 1466 1465 1462 1456 1451 1448 1445 1443 1440 1437 1435 1432 1429 1425 1422 1419 1416 1412 1407 1403 1398 1393 1389 1385 1381 1377 1373 1371 1369 1367 1365
1500 1503 1506 1509 1512 1514 1517 1520 1525 1529 1534 1537 1539 1539 1537 1534 1529 1525 1522 1520 1517 1514 1511 1508 1505 1502 1499 1496 1494 1493 1492 1491 1490 1490 1488 1488 1487 1486 1486 1484 1484 1483 1483 1482 1482 1481 1480 1478 1477 1475 1472 1471 1469 1468 1467 1466 1464 1460 1455 1450 1447 1444 1441 1438 1435 1432 1428 1424 1420 1417 1414 1410 1406 1402 1396 1391 1387 1383 1378 1374 1372 1369 1368 1366 1364
1501 1505 1508 1511 1514 1516 1519 1522 1527 1532 1538 1541 1544 1544 1543 1540 1534 1528 1524 1521 1519 1515 1512 1510 1507 1503 1500 1498 1495 1494 1493 1492 1491 1491 1489 1489 1488 1487 1486 1485 1484 1484 1483 1482 1482 1481 1480 1478 1477 1474 1472 1471 1469 1469 1467 1467 1465 1462 1457 1452 1448 1445 1440 1437 1434 1431 1427 1424 1419 1416 1413 1409 1405 1401 1395 1390 1385 1381 1376 1373 1370 1368 1367 1365 1363
1502 1507 1510 1513 1516 1518 1520 1523 1529 1536 1543 1547 1550 1550 1548 1546 1540 1533 1527 1523 1520 1517 1514 1511 1508 1505 1502 1499 1497 1496 1494 1493 1492 1492 1490 1490 1488 1488 1487 1486 1485 1484 1483 1482 1482 1481 1480 1478 1476 1473 1471 1470 1468 1468 1468 1468 1466 1463 1458 1453 1449 1445 1440 1436 1433 1430 1426 1422 1418 1414 1411 1407 1403 1399 1394 1389 1384 1379 1374 1371 1369 1368 1366 1364 1362
1504 1508 1512 1515 1518 1520 1522 1525 1534 1542 1549 1553 1556 1555 1554 1550 1545 1537 1530 1525 1521 1519 1515 1512 1509 1507 1504 1501 1499 1497 1495 1495 1493 1493 1491 1491 1489 1488 1487 1486 1485 1484 1483 1482 1481 1480 1479 1476 1474 1471 1469 1467 1466 1466 1466 1466 1464 1462 1457 1452 1449 1444 1439 1435 1432 1428 1425 1421 1417 1413 1408 1404 1401 1397 1392 1388 1382 1376 1372 1370 1368 1367 1365 1363 1361
1505 1510 1514 1517 1519 1522 1524 1530 1540 1548 1554 1558 1560 1560 1558 1554 1548 1541 1534 1527 1523 1520 1517 1513 1511 1508 1506 1503 1501 1499 1497 1496 1494 1494 1492 1492 1490 1489 1487 1486 1485 1483 1482 1481 1480 1478 1477 1474 1471 1467 1465 1464 1463 1462 1462 1462 1460 1457 1454 1450 1445 1441 1436 1433 1430 1427 1424 1420 1415 1410 1404 1401 1398 1395 1391 1386 1380 1374 1371 1369 1367 1366 1364 1363 1361
1506 1512 1516 1520 1522 1524 1529 1538 1547 1554 1559 1562 1564 1564 1562 1558 1553 1544 1537 1530 1526 1521 1518 1515 1512 1510 1507 1505 1502 1501 1499 1498 1496 1495 1493 1492 1490 1489 1487 1486 1484 1483 1482 1480 1479 1477 1474 1471 1467 1464 1462 1460 1458 1456 1456 1455 1454 1452 1449 1446 1440 1436 1433 1430 1428 1425 1422 1419 1414 1407 1402 1399 1396 1393 1389 1384 1378 1372 1370 1368 1367 1365 1363 1362 1360
1508 1514 1519 1524 1526 1530 1536 1545 1553 1559 1564 1567 1568 1568 1565 1562 1557 1548 1540 1533 1527 1523 1519 1516 1513 1511 1509 1506 1504 1502 1500 1499 1497 1496 1494 1493 1491 1490 1487 1486 1483 1482 1481 1479 1478 1476 1472 1468 1465 1462 1460 1456 1452 1449 1449 1449 1449 1447 1442 1437 1434 1431 1429 1427 1425 1423 1420 1417 1412 1405 1401 1397 1394 1391 1388 1382 1376 1371 1370 1368 1366 1364 1363 1361 1360
1510 1517 1523 1528 1532 1537 1544 1552 1559 1563 1568 1571 1572 1572 1570 1566 1561 1553 1543 1536 1529 1524 1521 1517 1515 1512 1510 1508 1506 1504 1501 1500 1498 1497 1495 1494 1492 1490 1488 1486 1483 1481 1480 1478 1477 1475 1471 1467 1464 1461 1460 1455 1451 1448 1446 1445 1444 1441 1436 1432 1430 1428 1425 1424 1422 1420 1418 1414 1410 1404 1400 1395 1392 1389 1385 1379 1374 1371 1369 1367 1365 1364 1362 1361 1359
1514 1522 1528 1532 1537 1543 1550 1557 1563 1567 1572 1575 1577 1577 1574 1571 1565 1557 1548 1539 1531 1525 1522 1519 1516 1513 1511 1509 1507 1505 1503 1501 1499 1497 1495 1494 1492 1490 1488 1486 1483 1481 1479 1477 1476 1474 1470 1467 1464 1463 1462 1459 1456 1452 1449 1447 1445 1441 1436 1432 1429 1426 1422 1420 1419 1417 1415 1411 1408 1403 1398 1394 1390 1386 1382 1377 1373 1370 1368 1366 1364 1363 1361 1360 1358
1518 1527 1532 1537 1543 1549 1555 1560 1566 1571 1576 1580 1582 1582 1579 1576 1570 1562 1552 1542 1534 1527 1523 1520 1517 1515 1512 1510 1508 1506 1504 1501 1499 1498 1496 1494 1492 1490 1488 1486 1483 1480 1479 1477 1476 1474 1472 1469 1466 1466 1465 1464 1464 1461 1457 1452 1449 1444 1439 1433 1429 1424 1419 1417 1415 1413 1411 1408 1405 1401 1395 1391 1387 1383 1380 1375 1372 1370 1368 1366 1364 1362 1360 1359 1357
1522 1530 1537 1542 1547 1554 1559 1563 1568 1574 1579 1585 1587 1587 1585 1581 1575 1568 1557 1546 1537 1529 1524 1521 1518 1516 1514 1511 1510 1507 1505 1502 1500 1498 1496 1494 1492 1490 1488 1486 1483 1481 1479 1478 1477 1476 1474 1473 1471 1469 1468 1467 1467 1465 1464 1459 1455 1449 1443 1436 1431 1424 1419 1416 1413 1410 1407 1405 1401 1397 1392 1387 1384 1381 1377 1373 1371 1369 1367 1365 1363 1361 1359 1358 1357
1524 1532 1540 1546 1552 1557 1562 1566 1570 1576 1582 1588 1593 1593 1591 1586 1581 1574 1563 1552 1540 1531 1525 1522 1519 1517 1515 1512 1511 1508 1506 1503 1500 1498 1495 1494 1492 1490 1488 1486 1484 1482 1480 1479 1479 1479 1477 1477 1475 1473 1471 1470 1469 1467 1466 1464 1460 1454 1449 1441 1433 1426 1420 1417 1413 1407 1403 1401 1397 1393 1388 1383 1380 1377 1375 1372 1370 1368 1367 1365 1362 1361 1359 1357 1356
1525 1534 1544 1551 1556 1560 1564 1567 1573 1578 1585 1592 1599 1600 1598 1593 1587 1580 1570 1557 1544 1533 1527 1523 1520 1518 1516 1513 1511 1509 1506 1503 1500 1497 1495 1494 1492 1491 1489 1487 1485 1483 1482 1481 1481 1480 1480 1479 1478 1476 1473 1472 1470 1468 1468 1466 1463 1458 1453 1447 1436 1428 1423 1419 1414 1406 1401 1399 1395 1389 1383 1379 1376 1374 1372 1371 1370 1368 1366 1364 1362 1360 1358 1357 1355
1528 1538 1549 1556 1560 1562 1565 1569 1574 1581 1588 1597 1604 1606 1603 1598 1593 1585 1575 1564 1549 1537 1529 1524 1521 1519 1516 1514 1512 1509 1507 1504 1500 1497 1494 1493 1492 1491 1489 1488 1486 1485 1483 1483 1482 1482 1482 1481 1480 1477 1475 1473 1471 1469 1468 1467 1465 1461 1456 1450 1440 1431 1426 1422 1417 1409 1403 1399 1393 1386 1378 1374 1372 1371 1371 1370 1369 1367 1366 1364 1362 1359 1358 1356 1355
1532 1543 1554 1560 1562 1564 1567 1571 1577 1583 1592 1601 1611 1613 1611 1605 1599 1590 1581 1569 1556 1541 1531 1525 1522 1519 1517 1515 1513 1510 1508 1504 1501 1497 1494 1493 1492 1491 1489 1489 1487 1486 1485 1484 1484 1483 1483 1481 1480 1477 1476 1473 1472 1470 1468 1467 1465 1462 1457 1451 1443 1435 1429 1425 1421 1415 1407 1401 1393 1384 1374 1371 1370 1370 1370 1369 1368 1367 1365 1364 1362 1360 1358 1357 1356
1538 1549 1557 1562 1565 1567 1570 1574 1580 1587 1595 1606 1617 1619 1617 1612 1605 1597 1586 1575 1562 1548 1535 1527 1522 1520 1518 1515 1513 1511 1508 1505 1501 1497 1494 1493 1492 1491 1490 1489 1488 1487 1486 1485 1485 1484 1483 1481 1479 1477 1476 1473 1472 1471 1468 1467 1465 1462 1457 1452 1445 1438 1433 1429 1425 1420 1413 1405 1397 1386 1375 1371 1370 1370 1370 1369 1368 1367 1365 1364 1362 1360 1359 1358 1356
1546 1554 1560 1565 1567 1570 1574 1579 1585 1591 1599 1612 1621 1622 1621 1616 1611 1603 1591 1580 1569 1555 1540 1528 1523 1521 1518 1516 1514 1511 1509 1505 1501 1498 1495 1493 1492 1492 1491 1490 1489 1489 1488 1487 1486 1485 1483 1481 1479 1477 1475 1473 1472 1470 1468 1466 1465 1462 1457 1452 1446 1441 1436 1432 1428 1424 1418 1411 1403 1392 1380 1373 1371 1370 1370 1369 1368 1367 1365 1364 1363 1361 1360 1359 1357
1554 1560 1564 1568 1571 1575 1579 1584 1589 1594 1603 1616 1623 1625 1623 1619 1614 1607 1596 1583 1574 1562 1546 1532 1525 1521 1519 1516 1514 1511 1508 1505 1501 1498 1496 1494 1493 1492 1491 1491 1490 1490 1489 1488 1487 1486 1484 1481 1479 1477 1475 1474 1472 1469 1468 1465 1463 1460 1456 1452 1447 1443 1439 1435 1431 1427 1422 1416 1408 1399 1387 1378 1373 1371 1370 1369 1368 1367 1366 1364 1363 1361 1361 1359 1358
1561 1565 1568 1572 1576 1580 1584 1589 1593 1598 1609 1619 1626 1627 1625 1621 1617 1609 1599 1587 1577 1567 1552 1536 1526 1522 1520 1516 1513 1511 1508 1505 1502 1499 1497 1495 1494 1492 1492 1492 1491 1491 1490 1490 1489 1487 1486 1483 1480 1478 1476 1475 1473 1469 1466 1464 1462 1459 1456 1452 1448 1445 1441 1439 1435 1430 1425 1419 1413 1405 1394 1384 1376 1372 1371 1370 1369 1367 1366 1365 1364 1362 1362 1360 1359
1567 1571 1575 1579 1583 1587 1590 1594 1598 1605 1616 1625 1629 1630 1627 1623 1618 1611 1601 1588 1578 1570 1556 1541 1529 1523 1520 1517 1514 1510 1508 1505 1502 1500 1498 1496 1495 1494 1493 1493 1492 1492 1492 1491 1491 1490 1488 1486 1482 1480 1478 1477 1474 1469 1465 1462 1461 1459 1457 1454 1450 1447 1444 1441 1438 1434 1428 1422 1416 1408 1399 1389 1380 1374 1372 1370 1369 1368 1367 1366 1365 1364 1363 1362 1360
1577 1581 1584 1587 1590 1593 1596 1599 1605 1614 1623 1631 1634 1633 1628 1623 1617 1609 1600 1588 1579 1572 1558 1544 1532 1524 1521 1518 1514 1511 1508 1506 1503 1501 1499 1497 1496 1495 1494 1494 1494 1494 1493 1493 1493 1493 1491 1490 1487 1483 1481 1479 1476 1471 1465 1462 1461 1460 1458 1456 1453 1450 1448 1444 1441 1437 1431 1425 1418 1411 1403 1392 1383 1376 1372 1371 1369 1368 1368 1367 1366 1365 1364 1363 1362
1588 1592 1594 1596 1597 1599 1603 1608 1615 1623 1631 1637 1637 1633 1627 1620 1614 1606 1596 1587 1579 1572 1560 1547 1535 1526 1522 1519 1515 1511 1508 1506 1504 1503 1501 1499 1497 1497 1496 1496 1495 1495 1495 1495 1495 1495 1494 1493 1492 1489 1486 1483 1480 1475 1469 1465 1463 1462 1460 1459 1456 1454 1451 1448 1444 1439 1434 1427 1420 1412 1405 1395 1386 1379 1373 1371 1370 1369 1369 1368 1367 1366 1366 1365 1364
1601 1603 1604 1606 1608 1611 1615 1619 1624 1632 1640 1644 1641 1632 1623 1615 1608 1601 1593 1585 1578 1571 1560 1548 1538 1529 1524 1520 1515 1512 1509 1507 1505 1504 1502 1501 1500 1499 1498 1498 1498 1498 1498 1498 1498 1498 1498 1497 1496 1495 1493 1490 1487 1483 1478 1472 1469 1466 1464 1462 1460 1457 1454 1451 1447 1441 1435 1429 1421 1414 1407 1398 1389 1381 1375 1372 1370 1370 1370 1369 1369 1369 1368 1367 1366
1609 1610 1612 1615 1618 1621 1624 1627 1634 1643 1649 1650 1644 1630 1618 1610 1603 1596 1590 1583 1577 1570 1560 1549 1540 1531 1525 1521 1517 1514 1510 1508 1506 1505 1504 1503 1502 1501 1501 1500 1500 1500 1500 1500 1500 1500 1500 1500 1499 1499 1499 1497 1495 1492 1488 1483 1478 1473 1470 1467 1464 1461 1458 1454 1449 1443 1437 1430 1422 1415 1408 1400 1391 1384 1378 1374 1372 1371 1371 1371 1371 1371 1371 1369 1368
1615 1617 1620 1622 1625 1628 1633 1638 1645 1651 1654 1652 1643 1627 1614 1605 1599 1594 1588 1582 1576 1568 1559 1549 1541 1534 1528 1523 1519 1515 1512 1510 1508 1507 1506 1505 1504 1503 1503 1503 1503 1503 1502 1502 1503 1503 1503 1503 1503 1503 1503 1501 1501 1499 1497 1493 1488 1483 1478 1474 1470 1466 1462 1456 1451 1445 1439 1432 1424 1416 1409 1402 1394 1387 1381 1378 1375 1374 1373 1373 1373 1373 1373 1371 1369
1624 1625 1628 1630 1634 1639 1645 1650 1653 1656 1656 1650 1640 1626 1613 1603 1597 1592 1586 1581 1575 1567 1559 1551 1543 1536 1531 1525 1521 1518 1515 1512 1509 1508 1507 1506 1506 1505 1505 1505 1505 1505 1505 1505 1505 1506 1506 1506 1507 1507 1507 1507 1506 1505 1503 1502 1498 1493 1488 1483 1478 1473 1467 1461 1454 1447 1441 1433 1425 1417 1410 1404 1396 1390 1385 1382 1379 1377 1377 1376 1375 1375 1375 1372 1370
1633 1636 1638 1641 1645 1650 1655 1658 1660 1659 1654 1647 1637 1624 1612 1602 1596 1591 1587 1581 1574 1567 1560 1552 1545 1539 1534 1528 1524 1520 1517 1514 1511 1510 1509 1508 1508 1507 1507 1507 1507 1507 1508 1508 1509 1509 1510 1510 1511 1511 1511 1512 1511 1511 1510 1508 1506 1502 1498 1492 1486 1480 1473 1466 1457 1448 1442 1435 1427 1418 1412 1406 1400 1394 1389 1386 1384 1382 1381 1380 1379 1377 1376 1373 1371
1646 1648 1650 1653 1657 1661 1663 1664 1661 1657 1651 1644 1634 1623 1612 1602 1596 1592 1588 1581 1574 1567 1561 1554 1548 1543 1537 1531 1526 1523 1520 1517 1514 1513 1511 1510 1510 1509 1510 1510 1511 1511 1511 1512 1513 1513 1514 1515 1517 1517 1517 1518 1518 1517 1516 1516 1513 1510 1505 1499 1493 1487 1479 1469 1460 1451 1444 1437 1429 1420 1414 1409 1405 1400 1394 1390 1387 1385 1385 1385 1383 1380 1377 1374 1372
1658 1659 1660 1663 1664 1663 1662 1660 1656 1650 1645 1638 1630 1621 1611 1601 1596 1593 1589 1583 1576 1568 1562 1556 1551 1546 1541 1535 1530 1526 1522 1520 1517 1516 1514 1513 1513 1513 1513 1514 1514 1515 1516 1517 1518 1520 1521 1522 1523 1524 1524 1524 1524 1524 1523 1522 1520 1516 1512 1506 1499 1492 1482 1471 1462 1454 1446 1439 1432 1424 1418 1413 1409 1405 1400 1395 1392 1390 1389 1389 1386 1382 1378 1375 1372
1664 1665 1664 1662 1659 1656 1653 1649 1646 1641 1637 1631 1625 1617 1607 1600 1596 1593 1589 1585 1578 1570 1565 1559 1554 1550 1545 1540 1535 1530 1525 1522 1520 1519 1517 1517 1517 1517 1517 1518 1519 1520 1522 1523 1525 1526 1527 1528 1529 1529 1529 1529 1529 1529 1528 1527 1525 1522 1517 1511 1504 1496 1483 1471 1462 1455 1448 1442 1435 1429 1422 1417 1413 1409 1404 1401 1397 1395 1392 1391 1388 1384 1379 1376 1373
1666 1664 1659 1653 1648 1644 1639 1635 1632 1628 1625 1621 1616 1610 1603 1599 1596 1593 1589 1587 1581 1574 1568 1563 1558 1554 1550 1546 1541 1535 1531 1526 1523 1522 1520 1520 1520 1521 1521 1522 1524 1525 1526 1528 1530 1531 1532 1532 1533 1533 1533 1533 1533 1532 1530 1530 1528 1525 1521 1514 1506 1497 1483 1470 1461 1455 1449 1443 1438 1432 1425 1420 1417 1413 1408 1404 1401 1399 1395 1391 1388 1384 1380 1377 1374
1662 1656 1648 1640 1634 1629 1624 1619 1616 1614 1613 1611 1607 1603 1599 1597 1595 1593 1590 1589 1585 1578 1572 1567 1563 1559 1555 1551 1547 1542 1538 1532 1528 1526 1524 1524 1524 1525 1526 1527 1529 1530 1532 1533 1534 1535 1536 1537 1538 1538 1538 1537 1535 1534 1532 1532 1530 1528 1522 1515 1506 1495 1481 1469 1461 1454 1448 1443 1439 1434 1428 1423 1420 1416 1412 1407 1405 1402 1398 1392 1388 1385 1382 1378 1375
1653 1645 1636 1629 1622 1616 1610 1605 1603 1603 1602 1602 1600 1599 1597 1595 1594 1592 1590 1589 1588 1582 1576 1571 1566 1563 1560 1557 1553 1550 1546 1541 1536 1533 1531 1531 1531 1531 1532 1533 1535 1536 1537 1538 1539 1540 1540 1541 1541 1541 1541 1540 1538 1536 1534 1533 1532 1529 1522 1514 1504 1493 1479 1467 1460 1454 1448 1443 1438 1434 1429 1425 1422 1418 1414 1409 1406 1404 1400 1393 1388 1385 1382 1379 1376
1645 1636 1627 1620 1613 1605 1601 1598 1597 1596 1597 1597 1596 1596 1595 1593 1592 1591 1590 1589 1588 1583 1578 1574 1570 1567 1564 1561 1558 1556 1552 1549 1545 1542 1540 1539 1539 1539 1539 1539 1540 1541 1542 1542 1542 1543 1543 1543 1543 1543 1543 1541 1539 1537 1535 1533 1532 1529 1521 1511 1501 1490 1477 1466 1459 1453 1447 1442 1437 1433 1428 1424 1421 1417 1414 1410 1407 1404 1400 1394 1388 1386 1383 1380 1377
