wa1539_elv.txt
ncols         965
nrows         651
xllcorner     438613.91613095
yllcorner     5306059.5705885
cellsize      10
NODATA_value  -9999
[rows 608 to 645 of 651, columns 595 to 679 of 965]
1612 1607 1600 1592 1586 1582 1579 1576 1573 1568 1563 1558 1553 1549 1543 1539 1532 1527 1523 1521 1519 1517 1515 1513 1510 1507 1503 1499 1495 1492 1491 1489 1486 1484 1481 1479 1478 1476 1475 1473 1471 1469 1468 1466 1465 1463 1463 1463 1462 1462 1461 1461 1460 1459 1458 1457 1455 1453 1451 1449 1448 1447 1447 1447 1447 1447 1447 1447 1447 1447 1447 1447 1447 1447 1447 1447 1446 1445 1441 1436 1432 1429 1425 1422 1419
1614 1609 1604 1597 1590 1584 1581 1578 1575 1571 1567 1561 1555 1550 1545 1540 1534 1528 1524 1522 1520 1517 1515 1513 1510 1507 1503 1498 1495 1492 1491 1489 1487 1485 1483 1481 1479 1477 1476 1474 1473 1471 1469 1467 1466 1464 1463 1463 1462 1462 1461 1461 1460 1460 1458 1458 1455 1454 1452 1450 1449 1447 1447 1447 1447 1446 1446 1446 1446 1446 1446 1446 1446 1445 1445 1444 1442 1441 1438 1434 1431 1429 1426 1423 1421
1616 1611 1607 1602 1595 1588 1584 1581 1578 1574 1570 1564 1558 1553 1547 1542 1537 1530 1525 1522 1521 1518 1516 1513 1511 1507 1503 1498 1495 1493 1491 1490 1488 1487 1485 1482 1481 1479 1477 1475 1474 1472 1471 1469 1467 1465 1464 1463 1463 1462 1462 1462 1461 1461 1459 1459 1457 1455 1453 1451 1450 1448 1448 1447 1446 1446 1446 1446 1446 1446 1446 1445 1445 1444 1443 1442 1440 1438 1436 1433 1431 1429 1427 1425 1423
1619 1614 1610 1606 1601 1595 1589 1584 1581 1577 1574 1568 1561 1555 1550 1545 1539 1533 1527 1523 1521 1519 1516 1514 1511 1508 1504 1499 1495 1494 1492 1491 1490 1488 1487 1485 1483 1480 1479 1477 1476 1475 1474 1472 1470 1467 1465 1463 1463 1463 1462 1462 1462 1461 1460 1460 1458 1457 1455 1453 1451 1450 1449 1447 1447 1446 1446 1446 1446 1446 1445 1445 1444 1444 1443 1440 1439 1436 1435 1433 1431 1429 1428 1426 1425
1622 1617 1613 1610 1606 1602 1597 1590 1585 1581 1577 1572 1565 1558 1553 1547 1542 1536 1529 1524 1522 1520 1517 1514 1512 1509 1505 1501 1497 1495 1493 1493 1492 1491 1490 1488 1486 1483 1481 1479 1478 1477 1476 1475 1472 1470 1468 1465 1464 1463 1463 1463 1462 1462 1461 1461 1460 1459 1457 1456 1453 1452 1450 1448 1447 1447 1446 1446 1446 1446 1445 1445 1444 1443 1442 1440 1438 1436 1434 1432 1431 1430 1428 1427 1427
1626 1620 1616 1613 1610 1607 1604 1599 1592 1586 1582 1576 1570 1563 1556 1551 1544 1538 1532 1526 1523 1521 1518 1515 1513 1511 1507 1503 1500 1498 1496 1495 1494 1494 1493 1492 1490 1488 1484 1482 1481 1480 1479 1478 1476 1473 1471 1468 1466 1465 1464 1464 1463 1463 1462 1462 1461 1461 1460 1459 1457 1455 1452 1450 1448 1448 1447 1446 1446 1446 1446 1445 1445 1444 1442 1441 1439 1437 1434 1433 1431 1431 1430 1429 1428
1628 1623 1618 1616 1613 1610 1608 1606 1601 1594 1588 1582 1575 1568 1560 1554 1548 1542 1535 1529 1524 1522 1519 1517 1514 1512 1509 1506 1503 1502 1499 1499 1497 1497 1496 1496 1494 1492 1489 1486 1484 1483 1482 1481 1479 1476 1474 1471 1469 1467 1466 1465 1464 1464 1463 1463 1463 1462 1462 1461 1459 1458 1456 1453 1451 1450 1448 1447 1447 1447 1446 1446 1445 1444 1443 1442 1440 1438 1436 1434 1433 1432 1431 1430 1429
-9999 -9999 -9999 -9999 1614 1611 1608 1607 1605 1601 1594 1589 1582 1573 1565 1558 1552 1546 1539 1532 1527 1523 1521 1518 1516 1513 1511 1508 1506 1505 1503 1503 1501 1500 1499 1498 1497 1495 1493 1490 1487 1485 1484 1483 1481 1479 1477 1474 1472 1470 1469 1468 1467 1466 1466 1465 1465 1464 1464 1463 1462 1461 1459 1457 1455 1453 1451 1450 1448 1448 1447 1447 1446 1446 1445 1443 1442 1439 1438 1436 1435 1433 1432 1432 1431
-9999 -9999 -9999 -9999 -9999 -9999 -9999 -9999 -9999 1602 1597 1593 1588 1580 1570 1563 1555 1549 1544 1537 1529 1524 1522 1520 1518 1516 1514 1511 1510 1508 1507 1506 1504 1503 1501 1500 1499 1497 1495 1492 1490 1488 1486 1485 1483 1481 1480 1478 1475 1473 1472 1470 1469 1468 1468 1467 1467 1467 1466 1466 1465 1464 1463 1461 1459 1457 1455 1453 1452 1450 1449 1449 1448 1447 1446 1445 1444 1441 1440 1438 1437 1435 1434 1433 1432
-9999 -9999 -9999 -9999 -9999 -9999 -9999 -9999 -9999 -9999 1598 1596 1592 1586 1577 1568 1560 1553 1547 1541 1534 1528 1524 1522 1521 1519 1517 1515 1514 1512 1511 1508 1507 1505 1504 1503 1500 1499 1497 1494 1492 1490 1488 1486 1484 1483 1481 1480 1478 1476 1474 1473 1472 1471 1470 1469 1469 1468 1468 1467 1467 1466 1466 1464 1463 1462 1460 1458 1456 1455 1453 1452 1451 1450 1448 1447 1446 1444 1442 1441 1439 1438 1436 1434 1433
-9999 -9999 -9999 -9999 -9999 -9999 -9999 -9999 -9999 -9999 -9999 1595 1594 1591 1585 1575 1566 1558 1552 1546 1539 1533 1529 1525 1524 1522 1521 1519 1518 1516 1514 1512 1510 1507 1506 1504 1503 1500 1498 1496 1493 1491 1489 1488 1486 1485 1483 1482 1480 1479 1477 1476 1475 1474 1473 1472 1471 1471 1470 1470 1469 1469 1468 1467 1466 1465 1464 1463 1461 1460 1458 1456 1454 1453 1452 1449 1448 1447 1445 1444 1442 1441 1438 1437 1435
-9999 -9999 -9999 -9999 -9999 -9999 -9999 -9999 -9999 -9999 -9999 -9999 1593 1592 1589 1582 1572 1565 1557 1551 1545 1539 1534 1531 1529 1526 1525 1523 1522 1520 1518 1516 1513 1510 1508 1506 1505 1502 1500 1497 1495 1493 1491 1490 1488 1487 1486 1485 1483 1482 1480 1479 1477 1476 1476 1474 1474 1473 1473 1472 1472 1471 1471 1470 1469 1468 1468 1466 1465 1464 1462 1460 1459 1457 1456 1453 1452 1450 1448 1447 1445 1444 1442 1440 1439
-9999 -9999 -9999 -9999 -9999 -9999 -9999 -9999 -9999 -9999 -9999 -9999 -9999 -9999 1590 1586 1579 1570 1564 1558 1552 1546 1541 1537 1534 1532 1530 1528 1526 1524 1522 1519 1516 1514 1511 1509 1507 1505 1502 1499 1497 1495 1493 1492 1490 1489 1488 1487 1485 1484 1483 1482 1480 1479 1478 1477 1476 1475 1475 1474 1474 1473 1473 1472 1472 1471 1471 1469 1469 1467 1466 1465 1464 1462 1460 1459 1456 1454 1452 1450 1448 1447 1445 1444 1443
-9999 -9999 -9999 -9999 -9999 -9999 -9999 -9999 -9999 -9999 -9999 -9999 -9999 -9999 -9999 1586 1582 1576 1570 1566 1560 1555 1550 1545 1541 1539 1536 1534 1532 1529 1526 1523 1520 1517 1514 1512 1510 1507 1505 1502 1499 1497 1495 1494 1492 1491 1490 1489 1488 1487 1486 1485 1483 1482 1481 1480 1478 1478 1477 1477 1476 1476 1476 1475 1475 1474 1473 1473 1472 1471 1470 1469 1468 1467 1466 1464 1462 1460 1458 1455 1453 1451 1449 1448 1446
-9999 -9999 -9999 -9999 -9999 -9999 -9999 -9999 -9999 -9999 -9999 -9999 -9999 -9999 -9999 -9999 -9999 1577 1575 1572 1568 1564 1559 1556 1551 1546 1542 1540 1537 1534 1530 1527 1523 1520 1517 1515 1513 1510 1508 1505 1503 1500 1498 1496 1494 1494 1493 1492 1491 1490 1489 1488 1487 1486 1485 1483 1482 1481 1480 1480 1479 1479 1478 1478 1478 1477 1476 1476 1475 1475 1474 1473 1472 1471 1470 1469 1467 1465 1463 1461 1458 1456 1454 1452 1450
-9999 -9999 -9999 -9999 -9999 -9999 -9999 -9999 -9999 -9999 -9999 -9999 -9999 -9999 -9999 -9999 -9999 -9999 -9999 1574 1573 1571 1568 1564 1559 1553 1549 1545 1542 1538 1534 1530 1526 1523 1520 1517 1515 1513 1511 1508 1506 1503 1501 1499 1497 1497 1496 1495 1494 1493 1492 1492 1490 1490 1489 1488 1487 1486 1485 1484 1483 1483 1482 1481 1481 1480 1479 1479 1479 1478 1478 1477 1476 1476 1474 1473 1472 1470 1469 1467 1464 1462 1460 1457 1455
-9999 -9999 -9999 -9999 -9999 -9999 -9999 -9999 -9999 -9999 -9999 -9999 -9999 -9999 -9999 -9999 -9999 -9999 -9999 -9999 -9999 -9999 1572 1572 1568 1560 1554 1550 1546 1543 1538 1534 1530 1525 1522 1519 1517 1515 1513 1511 1509 1506 1504 1503 1502 1501 1499 1499 1498 1497 1496 1495 1494 1494 1494 1493 1492 1492 1491 1490 1489 1488 1486 1485 1484 1484 1483 1483 1482 1482 1481 1481 1481 1480 1479 1478 1477 1476 1474 1472 1470 1468 1466 1463 1461
-9999 -9999 -9999 -9999 -9999 -9999 -9999 -9999 -9999 -9999 -9999 -9999 -9999 -9999 -9999 -9999 -9999 -9999 -9999 -9999 -9999 -9999 -9999 -9999 1571 1568 1560 1555 1551 1548 1543 1538 1534 1528 1523 1521 1519 1517 1515 1513 1511 1509 1508 1507 1506 1505 1504 1503 1502 1501 1500 1500 1499 1498 1498 1497 1497 1496 1496 1495 1494 1492 1491 1489 1488 1487 1487 1486 1485 1485 1485 1484 1484 1483 1483 1483 1482 1481 1479 1478 1475 1473 1471 1469 1467
-9999 -9999 -9999 -9999 -9999 -9999 -9999 -9999 -9999 -9999 -9999 -9999 -9999 -9999 -9999 -9999 -9999 -9999 -9999 -9999 -9999 -9999 -9999 -9999 -9999 -9999 1563 1558 1556 1553 1549 1543 1538 1532 1526 1523 1520 1519 1517 1516 1514 1512 1511 1510 1510 1508 1508 1507 1506 1505 1505 1504 1503 1502 1502 1501 1501 1500 1499 1498 1498 1496 1495 1493 1492 1491 1490 1489 1488 1488 1488 1488 1487 1487 1487 1487 1487 1486 1485 1484 1481 1479 1476 1474 1472
-9999 -9999 -9999 -9999 -9999 -9999 -9999 -9999 -9999 -9999 -9999 -9999 -9999 -9999 -9999 -9999 -9999 -9999 -9999 -9999 -9999 -9999 -9999 -9999 -9999 -9999 -9999 -9999 1559 1557 1554 1549 1544 1538 1530 1525 1522 1521 1519 1518 1517 1516 1515 1514 1513 1512 1512 1511 1510 1509 1509 1508 1507 1507 1506 1505 1504 1503 1502 1501 1500 1499 1498 1496 1495 1494 1493 1492 1492 1491 1491 1491 1491 1491 1491 1491 1492 1492 1491 1490 1488 1486 1483 1479 1477
-9999 -9999 -9999 -9999 -9999 -9999 -9999 -9999 -9999 -9999 -9999 -9999 -9999 -9999 -9999 -9999 -9999 -9999 -9999 -9999 -9999 -9999 -9999 -9999 -9999 -9999 -9999 -9999 -9999 -9999 1558 1555 1551 1545 1538 1531 1525 1523 1521 1521 1520 1519 1518 1517 1517 1516 1515 1515 1514 1514 1513 1512 1511 1510 1509 1508 1507 1506 1505 1504 1503 1502 1501 1499 1498 1497 1496 1496 1495 1495 1494 1494 1495 1495 1496 1497 1497 1497 1497 1497 1495 1494 1491 1487 1483
-9999 -9999 -9999 -9999 -9999 -9999 -9999 -9999 -9999 -9999 -9999 -9999 -9999 -9999 -9999 -9999 -9999 -9999 -9999 -9999 -9999 -9999 -9999 -9999 -9999 -9999 -9999 -9999 -9999 -9999 -9999 1558 1557 1552 1547 1540 1533 1528 1525 1523 1523 1522 1521 1521 1520 1520 1519 1519 1518 1518 1517 1516 1515 1514 1513 1512 1510 1509 1507 1507 1506 1504 1503 1502 1501 1500 1500 1499 1498 1498 1498 1499 1500 1501 1502 1503 1504 1504 1503 1503 1502 1500 1498 1494 1490
-9999 -9999 -9999 -9999 -9999 -9999 -9999 -9999 -9999 -9999 -9999 -9999 -9999 -9999 -9999 -9999 -9999 -9999 -9999 -9999 -9999 -9999 -9999 -9999 -9999 -9999 -9999 -9999 -9999 -9999 -9999 -9999 -9999 1557 1554 1549 1543 1537 1532 1529 1527 1526 1525 1524 1524 1523 1523 1523 1523 1522 1522 1521 1520 1518 1517 1515 1514 1512 1511 1509 1508 1507 1506 1505 1504 1503 1503 1502 1502 1503 1503 1504 1505 1507 1508 1509 1510 1510 1509 1509 1507 1505 1503 1500 1497
-9999 -9999 -9999 -9999 -9999 -9999 -9999 -9999 -9999 -9999 -9999 -9999 -9999 -9999 -9999 -9999 -9999 -9999 -9999 -9999 -9999 -9999 -9999 -9999 -9999 -9999 -9999 -9999 -9999 -9999 -9999 -9999 -9999 -9999 1558 1555 1550 1545 1541 1538 1535 1532 1531 1530 1529 1528 1528 1528 1527 1527 1526 1525 1524 1522 1521 1519 1518 1516 1515 1513 1511 1510 1508 1508 1507 1506 1506 1506 1506 1506 1507 1508 1510 1511 1512 1513 1514 1514 1514 1513 1512 1511 1508 1505 1502
-9999 -9999 -9999 -9999 -9999 -9999 -9999 -9999 -9999 -9999 -9999 -9999 -9999 -9999 -9999 -9999 -9999 -9999 -9999 -9999 -9999 -9999 -9999 -9999 -9999 -9999 -9999 -9999 -9999 -9999 -9999 -9999 -9999 -9999 -9999 -9999 1553 1549 1547 1545 1542 1540 1539 1538 1537 1535 1535 1534 1533 1532 1531 1529 1528 1527 1525 1524 1522 1520 1519 1517 1515 1513 1512 1511 1509 1509 1509 1509 1509 1510 1511 1512 1513 1514 1515 1517 1517 1519 1519 1518 1517 1515 1513 1510 1507
-9999 -9999 -9999 -9999 -9999 -9999 -9999 -9999 -9999 -9999 -9999 -9999 -9999 -9999 -9999 -9999 -9999 -9999 -9999 -9999 -9999 -9999 -9999 -9999 -9999 -9999 -9999 -9999 -9999 -9999 -9999 -9999 -9999 -9999 -9999 -9999 -9999 -9999 -9999 1547 1546 1545 1544 1544 1543 1542 1541 1540 1539 1537 1536 1534 1532 1531 1529 1528 1526 1525 1523 1521 1519 1518 1516 1514 1513 1513 1512 1512 1512 1513 1514 1514 1515 1517 1518 1520 1521 1523 1523 1522 1522 1520 1518 1515 1511
-9999 -9999 -9999 -9999 -9999 -9999 -9999 -9999 -9999 -9999 -9999 -9999 -9999 -9999 -9999 -9999 -9999 -9999 -9999 -9999 -9999 -9999 -9999 -9999 -9999 -9999 -9999 -9999 -9999 -9999 -9999 -9999 -9999 -9999 -9999 -9999 -9999 -9999 -9999 -9999 -9999 1547 1546 1546 1545 1544 1544 1544 1542 1541 1540 1538 1536 1535 1533 1531 1530 1528 1526 1525 1523 1522 1520 1519 1517 1517 1516 1516 1515 1516 1516 1517 1518 1520 1521 1523 1525 1525 1526 1526 1526 1525 1523 1520 1516
-9999 -9999 -9999 -9999 -9999 -9999 -9999 -9999 -9999 -9999 -9999 -9999 -9999 -9999 -9999 -9999 -9999 -9999 -9999 -9999 -9999 -9999 -9999 -9999 -9999 -9999 -9999 -9999 -9999 -9999 -9999 -9999 -9999 -9999 -9999 -9999 -9999 -9999 -9999 -9999 -9999 -9999 -9999 -9999 -9999 1545 1545 1545 1544 1543 1542 1541 1540 1538 1536 1535 1533 1532 1530 1529 1527 1525 1524 1523 1521 1520 1520 1519 1518 1519 1519 1519 1520 1522 1523 1525 1527 1528 1528 1528 1528 1528 1527 1524 1521
-9999 -9999 -9999 -9999 -9999 -9999 -9999 -9999 -9999 -9999 -9999 -9999 -9999 -9999 -9999 -9999 -9999 -9999 -9999 -9999 -9999 -9999 -9999 -9999 -9999 -9999 -9999 -9999 -9999 -9999 -9999 -9999 -9999 -9999 -9999 -9999 -9999 -9999 -9999 -9999 -9999 -9999 -9999 -9999 -9999 -9999 -9999 -9999 1545 1544 1544 1543 1542 1541 1540 1538 1537 1535 1534 1532 1530 1529 1528 1526 1525 1524 1523 1522 1521 1521 1521 1522 1522 1524 1526 1527 1529 1530 1530 1530 1530 1530 1528 1527 1525
-9999 -9999 -9999 -9999 -9999 -9999 -9999 -9999 -9999 -9999 -9999 -9999 -9999 -9999 -9999 -9999 -9999 -9999 -9999 -9999 -9999 -9999 -9999 -9999 -9999 -9999 -9999 -9999 -9999 -9999 -9999 -9999 -9999 -9999 -9999 -9999 -9999 -9999 -9999 -9999 -9999 -9999 -9999 -9999 -9999 -9999 -9999 -9999 -9999 -9999 1544 1544 1543 1543 1542 1541 1540 1538 1537 1535 1534 1532 1531 1529 1528 1527 1526 1525 1524 1523 1523 1524 1525 1527 1528 1529 1531 1532 1532 1533 1532 1532 1531 1530 1528
-9999 -9999 -9999 -9999 -9999 -9999 -9999 -9999 -9999 -9999 -9999 -9999 -9999 -9999 -9999 -9999 -9999 -9999 -9999 -9999 -9999 -9999 -9999 -9999 -9999 -9999 -9999 -9999 -9999 -9999 -9999 -9999 -9999 -9999 -9999 -9999 -9999 -9999 -9999 -9999 -9999 -9999 -9999 -9999 -9999 -9999 -9999 -9999 -9999 -9999 -9999 1544 1544 1543 1543 1543 1542 1541 1540 1538 1537 1535 1534 1533 1532 1530 1529 1528 1527 1526 1526 1527 1528 1530 1531 1532 1533 1534 1535 1535 1535 1535 1534 1533 1531
-9999 -9999 -9999 -9999 -9999 -9999 -9999 -9999 -9999 -9999 -9999 -9999 -9999 -9999 -9999 -9999 -9999 -9999 -9999 -9999 -9999 -9999 -9999 -9999 -9999 -9999 -9999 -9999 -9999 -9999 -9999 -9999 -9999 -9999 -9999 -9999 -9999 -9999 -9999 -9999 -9999 -9999 -9999 -9999 -9999 -9999 -9999 -9999 -9999 -9999 -9999 -9999 -9999 1544 1543 1543 1543 1543 1542 1541 1539 1538 1537 1536 1535 1533 1533 1532 1531 1530 1530 1531 1532 1533 1534 1535 1536 1536 1537 1537 1537 1537 1536 1536 1535
-9999 -9999 -9999 -9999 -9999 -9999 -9999 -9999 -9999 -9999 -9999 -9999 -9999 -9999 -9999 -9999 -9999 -9999 -9999 -9999 -9999 -9999 -9999 -9999 -9999 -9999 -9999 -9999 -9999 -9999 -9999 -9999 -9999 -9999 -9999 -9999 -9999 -9999 -9999 -9999 -9999 -9999 -9999 -9999 -9999 -9999 -9999 -9999 -9999 -9999 -9999 -9999 -9999 -9999 1544 1544 1543 1543 1543 1542 1542 1541 1540 1539 1538 1537 1536 1535 1535 1535 1535 1535 1536 1536 1537 1538 1538 1539 1539 1539 1539 1539 1539 1539 1538
-9999 -9999 -9999 -9999 -9999 -9999 -9999 -9999 -9999 -9999 -9999 -9999 -9999 -9999 -9999 -9999 -9999 -9999 -9999 -9999 -9999 -9999 -9999 -9999 -9999 -9999 -9999 -9999 -9999 -9999 -9999 -9999 -9999 -9999 -9999 -9999 -9999 -9999 -9999 -9999 -9999 -9999 -9999 -9999 -9999 -9999 -9999 -9999 -9999 -9999 -9999 -9999 -9999 -9999 -9999 -9999 1544 1544 1543 1543 1543 1543 1542 1542 1540 1540 1539 1539 1539 1539 1539 1539 1540 1540 1540 1540 1541 1541 1541 1541 1541 1541 1541 1541 1541
-9999 -9999 -9999 -9999 -9999 -9999 -9999 -9999 -9999 -9999 -9999 -9999 -9999 -9999 -9999 -9999 -9999 -9999 -9999 -9999 -9999 -9999 -9999 -9999 -9999 -9999 -9999 -9999 -9999 -9999 -9999 -9999 -9999 -9999 -9999 -9999 -9999 -9999 -9999 -9999 -9999 -9999 -9999 -9999 -9999 -9999 -9999 -9999 -9999 -9999 -9999 -9999 -9999 -9999 -9999 -9999 -9999 -9999 1544 1543 1543 1543 1543 1543 1542 1542 1542 1542 1542 1542 1542 1542 1542 1542 1542 1542 1542 1542 1543 1543 1543 1543 1543 1543 1543
-9999 -9999 -9999 -9999 -9999 -9999 -9999 -9999 -9999 -9999 -9999 -9999 -9999 -9999 -9999 -9999 -9999 -9999 -9999 -9999 -9999 -9999 -9999 -9999 -9999 -9999 -9999 -9999 -9999 -9999 -9999 -9999 -9999 -9999 -9999 -9999 -9999 -9999 -9999 -9999 -9999 -9999 -9999 -9999 -9999 -9999 -9999 -9999 -9999 -9999 -9999 -9999 -9999 -9999 -9999 -9999 -9999 -9999 -9999 1544 1544 1544 1543 1543 1543 1543 1543 1543 1543 1543 1543 1543 1543 1543 1543 1543 1543 1543 1543 1543 1543 1544 1544 1544 1544
-9999 -9999 -9999 -9999 -9999 -9999 -9999 -9999 -9999 -9999 -9999 -9999 -9999 -9999 -9999 -9999 -9999 -9999 -9999 -9999 -9999 -9999 -9999 -9999 -9999 -9999 -9999 -9999 -9999 -9999 -9999 -9999 -9999 -9999 -9999 -9999 -9999 -9999 -9999 -9999 -9999 -9999 -9999 -9999 -9999 -9999 -9999 -9999 -9999 -9999 -9999 -9999 -9999 -9999 -9999 -9999 -9999 -9999 -9999 -9999 -9999 -9999 1543 1543 1544 1544 1543 1543 1543 1543 1543 1543 1543 1543 1543 1543 1544 1543 1543 1543 1544 1544 1544 1544 1544
-9999 -9999 -9999 -9999 -9999 -9999 -9999 -9999 -9999 -9999 -9999 -9999 -9999 -9999 -9999 -9999 -9999 -9999 -9999 -9999 -9999 -9999 -9999 -9999 -9999 -9999 -9999 -9999 -9999 -9999 -9999 -9999 -9999 -9999 -9999 -9999 -9999 -9999 -9999 -9999 -9999 -9999 -9999 -9999 -9999 -9999 -9999 -9999 -9999 -9999 -9999 -9999 -9999 -9999 -9999 -9999 -9999 -9999 -9999 -9999 -9999 -9999 -9999 -9999 -9999 -9999 -9999 -9999 -9999 -9999 -9999 1543 1543 1543 1543 1543 -9999 1543 1543 1543 1544 1544 -9999 -9999 -9999
